Season,Week,Team,Score
2014,1,SEA,36
2014,1,GB,16
2014,1,ATL,37
2014,1,NO,34
2014,1,CIN,23
2014,1,BAL,16
2014,1,BUF,23
2014,1,CHI,20
2014,1,WAS,6
2014,1,HOU,17
2014,1,KC,10
2014,1,TEN,26
2014,1,MIA,33
2014,1,NE,20
2014,1,NYJ,19
2014,1,OAK,14
2014,1,JAC,17
2014,1,PHI,34
2014,1,CLE,27
2014,1,PIT,30
2014,1,MIN,34
2014,1,STL,6
2014,1,SF,28
2014,1,DAL,17
2014,1,CAR,20
2014,1,TB,14
2014,1,IND,24
2014,1,DEN,31
2014,1,NYG,14
2014,1,DET,35
2014,1,SD,17
2014,1,ARI,18
2014,2,PIT,6
2014,2,BAL,26
2014,2,BUF,29
2014,2,MIA,10
2014,2,CAR,24
2014,2,DET,7
2014,2,CIN,24
2014,2,ATL,10
2014,2,CLE,26
2014,2,NO,24
2014,2,MIN,7
2014,2,NE,30
2014,2,ARI,25
2014,2,NYG,14
2014,2,DAL,26
2014,2,TEN,10
2014,2,JAC,10
2014,2,WAS,41
2014,2,SEA,21
2014,2,SD,30
2014,2,TB,17
2014,2,STL,19
2014,2,KC,17
2014,2,DEN,24
2014,2,GB,31
2014,2,NYJ,24
2014,2,HOU,30
2014,2,OAK,14
2014,2,CHI,28
2014,2,SF,20
2014,2,IND,27
2014,2,PHI,30
2014,3,TB,14
2014,3,ATL,56
2014,3,BUF,10
2014,3,SD,22
2014,3,CIN,33
2014,3,TEN,7
2014,3,CLE,21
2014,3,BAL,23
2014,3,DET,19
2014,3,GB,7
2014,3,JAC,17
2014,3,IND,44
2014,3,OAK,9
2014,3,NE,16
2014,3,NO,20
2014,3,MIN,9
2014,3,NYG,30
2014,3,HOU,17
2014,3,PHI,37
2014,3,WAS,34
2014,3,STL,31
2014,3,DAL,34
2014,3,SF,14
2014,3,ARI,23
2014,3,KC,34
2014,3,MIA,15
2014,3,DEN,20
2014,3,SEA,26
2014,3,PIT,37
2014,3,CAR,19
2014,3,NYJ,19
2014,3,CHI,27
2014,4,WAS,14
2014,4,NYG,45
2014,4,CAR,10
2014,4,BAL,38
2014,4,GB,38
2014,4,CHI,17
2014,4,HOU,23
2014,4,BUF,17
2014,4,TEN,17
2014,4,IND,41
2014,4,ATL,28
2014,4,MIN,41
2014,4,NYJ,17
2014,4,DET,24
2014,4,OAK,14
2014,4,MIA,38
2014,4,PIT,24
2014,4,TB,27
2014,4,JAC,14
2014,4,SD,33
2014,4,SF,26
2014,4,PHI,21
2014,4,NO,17
2014,4,DAL,38
2014,4,NE,14
2014,4,KC,41
2014,5,MIN,10
2014,5,GB,42
2014,5,CAR,31
2014,5,CHI,24
2014,5,HOU,17
2014,5,DAL,20
2014,5,DET,14
2014,5,BUF,17
2014,5,IND,20
2014,5,BAL,13
2014,5,JAC,9
2014,5,PIT,17
2014,5,TB,31
2014,5,NO,37
2014,5,ATL,20
2014,5,NYG,30
2014,5,PHI,34
2014,5,STL,28
2014,5,CLE,29
2014,5,TEN,28
2014,5,ARI,20
2014,5,DEN,41
2014,5,SD,31
2014,5,NYJ,0
2014,5,SF,22
2014,5,KC,17
2014,5,NE,43
2014,5,CIN,17
2014,5,WAS,17
2014,5,SEA,27
2014,6,IND,33
2014,6,HOU,28
2014,6,CHI,27
2014,6,ATL,13
2014,6,NE,37
2014,6,BUF,22
2014,6,CIN,37
2014,6,CAR,37
2014,6,CLE,31
2014,6,PIT,10
2014,6,MIA,24
2014,6,GB,27
2014,6,DET,17
2014,6,MIN,3
2014,6,DEN,31
2014,6,NYJ,17
2014,6,TB,17
2014,6,BAL,48
2014,6,TEN,16
2014,6,JAC,14
2014,6,OAK,28
2014,6,SD,31
2014,6,ARI,30
2014,6,WAS,20
2014,6,SEA,23
2014,6,DAL,30
2014,6,NYG,0
2014,6,PHI,27
2014,6,SF,31
2014,6,STL,17
2014,7,NYJ,25
2014,7,NE,27
2014,7,BAL,29
2014,7,ATL,7
2014,7,BUF,17
2014,7,MIN,16
2014,7,MIA,27
2014,7,CHI,14
2014,7,DET,24
2014,7,NO,23
2014,7,GB,38
2014,7,CAR,17
2014,7,IND,27
2014,7,CIN,0
2014,7,CLE,6
2014,7,JAC,24
2014,7,STL,28
2014,7,SEA,26
2014,7,WAS,19
2014,7,TEN,17
2014,7,KC,23
2014,7,SD,20
2014,7,NYG,21
2014,7,DAL,31
2014,7,ARI,24
2014,7,OAK,13
2014,7,DEN,42
2014,7,SF,17
2014,7,PIT,30
2014,7,HOU,23
2014,8,DEN,35
2014,8,SD,21
2014,8,DET,22
2014,8,ATL,21
2014,8,CAR,9
2014,8,SEA,13
2014,8,BAL,24
2014,8,CIN,27
2014,8,MIA,27
2014,8,JAC,13
2014,8,STL,7
2014,8,KC,34
2014,8,CHI,23
2014,8,NE,51
2014,8,BUF,43
2014,8,NYJ,23
2014,8,TB,13
2014,8,MIN,19
2014,8,TEN,16
2014,8,HOU,30
2014,8,ARI,24
2014,8,PHI,20
2014,8,CLE,23
2014,8,OAK,13
2014,8,PIT,51
2014,8,IND,34
2014,8,GB,23
2014,8,NO,44
2014,8,DAL,17
2014,8,WAS,20
2014,9,NO,28
2014,9,CAR,10
2014,9,CIN,33
2014,9,JAC,23
2014,9,TB,17
2014,9,CLE,22
2014,9,DAL,17
2014,9,ARI,28
2014,9,HOU,21
2014,9,PHI,31
2014,9,NYJ,10
2014,9,KC,24
2014,9,SD,0
2014,9,MIA,37
2014,9,WAS,26
2014,9,MIN,29
2014,9,STL,13
2014,9,SF,10
2014,9,DEN,21
2014,9,NE,43
2014,9,OAK,24
2014,9,SEA,30
2014,9,BAL,23
2014,9,PIT,43
2014,9,NYG,24
2014,9,IND,40
2014,10,CLE,24
2014,10,CIN,3
2014,10,BAL,21
2014,10,TEN,7
2014,10,BUF,13
2014,10,KC,17
2014,10,DET,20
2014,10,MIA,16
2014,10,JAC,17
2014,10,DAL,31
2014,10,SF,27
2014,10,NO,24
2014,10,PIT,13
2014,10,NYJ,20
2014,10,TB,17
2014,10,ATL,27
2014,10,DEN,41
2014,10,OAK,17
2014,10,STL,14
2014,10,ARI,31
2014,10,NYG,17
2014,10,SEA,38
2014,10,GB,55
2014,10,CHI,14
2014,10,PHI,45
2014,10,CAR,21
2014,11,MIA,22
2014,11,BUF,9
2014,11,ATL,19
2014,11,CAR,17
2014,11,MIN,13
2014,11,CHI,21
2014,11,HOU,23
2014,11,CLE,7
2014,11,GB,53
2014,11,PHI,20
2014,11,KC,24
2014,11,SEA,20
2014,11,NO,10
2014,11,CIN,27
2014,11,NYG,10
2014,11,SF,16
2014,11,STL,22
2014,11,DEN,7
2014,11,WAS,7
2014,11,TB,27
2014,11,OAK,6
2014,11,SD,13
2014,11,ARI,14
2014,11,DET,6
2014,11,IND,20
2014,11,NE,42
2014,11,PIT,27
2014,11,TEN,24
2014,12,KC,20
2014,12,OAK,24
2014,12,ATL,24
2014,12,CLE,26
2014,12,BUF,38
2014,12,NYJ,3
2014,12,CHI,21
2014,12,TB,13
2014,12,HOU,13
2014,12,CIN,22
2014,12,JAC,3
2014,12,IND,23
2014,12,MIN,21
2014,12,GB,24
2014,12,DET,9
2014,12,NE,34
2014,12,TEN,24
2014,12,PHI,43
2014,12,SD,27
2014,12,STL,24
2014,12,SEA,19
2014,12,ARI,3
2014,12,DEN,39
2014,12,MIA,36
2014,12,SF,17
2014,12,WAS,13
2014,12,NYG,28
2014,12,DAL,31
2014,12,NO,27
2014,12,BAL,34
2014,13,DET,34
2014,13,CHI,17
2014,13,PHI,33
2014,13,DAL,10
2014,13,SF,3
2014,13,SEA,19
2014,13,BAL,33
2014,13,SD,34
2014,13,BUF,26
2014,13,CLE,10
2014,13,TEN,21
2014,13,HOU,45
2014,13,IND,49
2014,13,WAS,27
2014,13,JAC,25
2014,13,NYG,24
2014,13,MIN,31
2014,13,CAR,13
2014,13,NO,35
2014,13,PIT,32
2014,13,OAK,0
2014,13,STL,52
2014,13,CIN,14
2014,13,TB,13
2014,13,ATL,29
2014,13,ARI,18
2014,13,GB,26
2014,13,NE,21
2014,13,DEN,29
2014,13,KC,16
2014,13,NYJ,13
2014,13,MIA,16
2014,14,CHI,28
2014,14,DAL,41
2014,14,PIT,42
2014,14,CIN,21
2014,14,CLE,24
2014,14,IND,25
2014,14,DET,34
2014,14,TB,17
2014,14,HOU,27
2014,14,JAC,13
2014,14,MIA,13
2014,14,BAL,28
2014,14,MIN,30
2014,14,NYJ,24
2014,14,NO,10
2014,14,CAR,41
2014,14,TEN,7
2014,14,NYG,36
2014,14,STL,24
2014,14,WAS,0
2014,14,KC,14
2014,14,ARI,17
2014,14,DEN,24
2014,14,BUF,17
2014,14,OAK,24
2014,14,SF,13
2014,14,PHI,14
2014,14,SEA,24
2014,14,SD,14
2014,14,NE,23
2014,14,ATL,37
2014,14,GB,43
2014,15,ARI,12
2014,15,STL,6
2014,15,PIT,27
2014,15,ATL,20
2014,15,BAL,20
2014,15,JAC,12
2014,15,GB,13
2014,15,BUF,21
2014,15,CAR,19
2014,15,TB,17
2014,15,CLE,0
2014,15,CIN,30
2014,15,MIN,14
2014,15,DET,16
2014,15,HOU,10
2014,15,IND,17
2014,15,OAK,13
2014,15,KC,31
2014,15,NE,41
2014,15,MIA,13
2014,15,WAS,13
2014,15,NYG,24
2014,15,DEN,22
2014,15,SD,10
2014,15,NYJ,16
2014,15,TEN,11
2014,15,SF,7
2014,15,SEA,17
2014,15,DAL,38
2014,15,PHI,27
2014,15,NO,31
2014,15,CHI,15
2014,16,TEN,13
2014,16,JAC,21
2014,16,PHI,24
2014,16,WAS,27
2014,16,SF,35
2014,16,SD,38
2014,16,CAR,17
2014,16,CLE,13
2014,16,CHI,14
2014,16,DET,20
2014,16,HOU,25
2014,16,BAL,13
2014,16,MIN,35
2014,16,MIA,37
2014,16,NO,14
2014,16,ATL,30
2014,16,NYJ,16
2014,16,NE,17
2014,16,KC,12
2014,16,PIT,20
2014,16,TB,3
2014,16,GB,20
2014,16,STL,27
2014,16,NYG,37
2014,16,IND,7
2014,16,DAL,42
2014,16,OAK,26
2014,16,BUF,24
2014,16,ARI,6
2014,16,SEA,35
2014,16,CIN,37
2014,16,DEN,28
2014,17,CAR,34
2014,17,ATL,3
2014,17,BAL,20
2014,17,CLE,10
2014,17,GB,30
2014,17,DET,20
2014,17,HOU,23
2014,17,JAC,17
2014,17,KC,19
2014,17,SD,7
2014,17,MIA,24
2014,17,NYJ,37
2014,17,MIN,13
2014,17,CHI,9
2014,17,NE,9
2014,17,BUF,17
2014,17,NYG,26
2014,17,PHI,34
2014,17,PIT,27
2014,17,CIN,17
2014,17,NO,23
2014,17,TB,20
2014,17,TEN,10
2014,17,IND,27
2014,17,DAL,44
2014,17,WAS,17
2014,17,DEN,47
2014,17,OAK,14
2014,17,SF,20
2014,17,ARI,17
2014,17,SEA,20
2014,17,STL,6
