Season,Week,Team,Score
2017,1,NE,27
2017,1,KC,42
2017,1,NYJ,12
2017,1,BUF,21
2017,1,CHI,17
2017,1,ATL,23
2017,1,CIN,0
2017,1,BAL,20
2017,1,PIT,21
2017,1,CLE,18
2017,1,DET,35
2017,1,ARI,23
2017,1,HOU,7
2017,1,JAX,29
2017,1,TEN,16
2017,1,OAK,26
2017,1,WAS,17
2017,1,PHI,30
2017,1,LA,46
2017,1,IND,9
2017,1,SEA,9
2017,1,GB,17
2017,1,CAR,23
2017,1,SF,3
2017,1,NYG,3
2017,1,DAL,19
2017,1,NO,19
2017,1,MIN,29
2017,1,LAC,21
2017,1,DEN,24
2017,2,HOU,13
2017,2,CIN,9
2017,2,BAL,24
2017,2,CLE,10
2017,2,CAR,9
2017,2,BUF,3
2017,2,IND,13
2017,2,ARI,16
2017,2,TEN,37
2017,2,JAX,16
2017,2,PHI,20
2017,2,KC,27
2017,2,NO,20
2017,2,NE,36
2017,2,MIN,9
2017,2,PIT,26
2017,2,TB,29
2017,2,CHI,7
2017,2,MIA,19
2017,2,LAC,17
2017,2,OAK,45
2017,2,NYJ,20
2017,2,DAL,17
2017,2,DEN,42
2017,2,WAS,27
2017,2,LA,20
2017,2,SF,9
2017,2,SEA,12
2017,2,GB,23
2017,2,ATL,34
2017,2,DET,24
2017,2,NYG,10
2017,3,LA,41
2017,3,SF,39
2017,3,JAX,44
2017,3,BAL,7
2017,3,BUF,26
2017,3,DEN,16
2017,3,NO,34
2017,3,CAR,13
2017,3,CHI,23
2017,3,PIT,17
2017,3,ATL,30
2017,3,DET,26
2017,3,IND,31
2017,3,CLE,28
2017,3,TB,17
2017,3,MIN,34
2017,3,NE,36
2017,3,HOU,33
2017,3,NYJ,20
2017,3,MIA,6
2017,3,PHI,27
2017,3,NYG,24
2017,3,SEA,27
2017,3,TEN,33
2017,3,CIN,24
2017,3,GB,27
2017,3,LAC,10
2017,3,KC,24
2017,3,OAK,10
2017,3,WAS,27
2017,3,ARI,17
2017,3,DAL,28
2017,4,GB,35
2017,4,CHI,14
2017,4,NO,20
2017,4,MIA,0
2017,4,ATL,17
2017,4,BUF,23
2017,4,BAL,9
2017,4,PIT,26
2017,4,CLE,7
2017,4,CIN,31
2017,4,LA,35
2017,4,DAL,30
2017,4,TEN,14
2017,4,HOU,57
2017,4,DET,14
2017,4,MIN,7
2017,4,CAR,33
2017,4,NE,30
2017,4,JAX,20
2017,4,NYJ,23
2017,4,SF,15
2017,4,ARI,18
2017,4,LAC,24
2017,4,PHI,26
2017,4,NYG,23
2017,4,TB,25
2017,4,DEN,16
2017,4,OAK,10
2017,4,IND,18
2017,4,SEA,46
2017,4,KC,29
2017,4,WAS,20
2017,5,TB,14
2017,5,NE,19
2017,5,BUF,16
2017,5,CIN,20
2017,5,CLE,14
2017,5,NYJ,17
2017,5,DET,24
2017,5,CAR,27
2017,5,SF,23
2017,5,IND,26
2017,5,MIA,16
2017,5,TEN,10
2017,5,NYG,22
2017,5,LAC,27
2017,5,PHI,34
2017,5,ARI,7
2017,5,PIT,9
2017,5,JAX,30
2017,5,SEA,16
2017,5,LA,10
2017,5,BAL,30
2017,5,OAK,17
2017,5,DAL,31
2017,5,GB,35
2017,5,HOU,34
2017,5,KC,42
2017,5,CHI,17
2017,5,MIN,20
2017,6,CAR,23
2017,6,PHI,28
2017,6,ATL,17
2017,6,MIA,20
2017,6,CHI,27
2017,6,BAL,24
2017,6,HOU,33
2017,6,CLE,17
2017,6,MIN,23
2017,6,GB,10
2017,6,NO,52
2017,6,DET,38
2017,6,NYJ,17
2017,6,NE,24
2017,6,WAS,26
2017,6,SF,24
2017,6,ARI,38
2017,6,TB,33
2017,6,JAX,17
2017,6,LA,27
2017,6,PIT,19
2017,6,KC,13
2017,6,OAK,16
2017,6,LAC,17
2017,6,DEN,10
2017,6,NYG,23
2017,6,IND,22
2017,6,TEN,36
2017,7,KC,30
2017,7,OAK,31
2017,7,BUF,30
2017,7,TB,27
2017,7,CAR,3
2017,7,CHI,17
2017,7,TEN,12
2017,7,CLE,9
2017,7,GB,17
2017,7,NO,26
2017,7,IND,0
2017,7,JAX,27
2017,7,LA,33
2017,7,ARI,0
2017,7,MIA,31
2017,7,NYJ,28
2017,7,MIN,24
2017,7,BAL,16
2017,7,CIN,14
2017,7,PIT,29
2017,7,DAL,40
2017,7,SF,10
2017,7,DEN,0
2017,7,LAC,21
2017,7,SEA,24
2017,7,NYG,7
2017,7,ATL,7
2017,7,NE,23
2017,7,WAS,24
2017,7,PHI,34
2017,8,BAL,40
2017,8,MIA,0
2017,8,CLE,16
2017,8,MIN,33
2017,8,BUF,34
2017,8,OAK,14
2017,8,IND,23
2017,8,CIN,24
2017,8,LAC,13
2017,8,NE,21
2017,8,CHI,12
2017,8,NO,20
2017,8,ATL,25
2017,8,NYJ,20
2017,8,SF,10
2017,8,PHI,33
2017,8,CAR,17
2017,8,TB,3
2017,8,HOU,38
2017,8,SEA,41
2017,8,WAS,19
2017,8,DAL,33
2017,8,PIT,20
2017,8,DET,15
2017,8,KC,29
2017,8,DEN,19
2017,9,BUF,21
2017,9,NYJ,34
2017,9,ATL,17
2017,9,CAR,20
2017,9,HOU,14
2017,9,IND,20
2017,9,CIN,7
2017,9,JAX,23
2017,9,TB,10
2017,9,NO,30
2017,9,NYG,17
2017,9,LA,51
2017,9,DEN,23
2017,9,PHI,51
2017,9,BAL,20
2017,9,TEN,23
2017,9,ARI,20
2017,9,SF,10
2017,9,WAS,17
2017,9,SEA,14
2017,9,KC,17
2017,9,DAL,28
2017,9,MIA,24
2017,9,OAK,27
2017,9,GB,17
2017,9,DET,30
2017,10,ARI,16
2017,10,SEA,22
2017,10,NO,47
2017,10,BUF,10
2017,10,GB,23
2017,10,CHI,16
2017,10,DET,38
2017,10,CLE,24
2017,10,IND,17
2017,10,PIT,20
2017,10,LAC,17
2017,10,JAX,20
2017,10,NYJ,10
2017,10,TB,15
2017,10,TEN,24
2017,10,CIN,20
2017,10,WAS,30
2017,10,MIN,38
2017,10,LA,33
2017,10,HOU,7
2017,10,ATL,27
2017,10,DAL,7
2017,10,SF,31
2017,10,NYG,21
2017,10,DEN,16
2017,10,NE,41
2017,10,CAR,45
2017,10,MIA,21
2017,11,PIT,40
2017,11,TEN,17
2017,11,DET,27
2017,11,CHI,24
2017,11,JAX,19
2017,11,CLE,7
2017,11,GB,0
2017,11,BAL,23
2017,11,HOU,31
2017,11,ARI,21
2017,11,MIN,24
2017,11,LA,7
2017,11,WAS,31
2017,11,NO,34
2017,11,KC,9
2017,11,NYG,12
2017,11,LAC,54
2017,11,BUF,24
2017,11,CIN,20
2017,11,DEN,17
2017,11,NE,33
2017,11,OAK,8
2017,11,PHI,37
2017,11,DAL,9
2017,11,MIA,20
2017,11,TB,30
2017,11,ATL,34
2017,11,SEA,31
2017,12,MIN,30
2017,12,DET,23
2017,12,DAL,6
2017,12,LAC,28
2017,12,WAS,20
2017,12,NYG,10
2017,12,ATL,34
2017,12,TB,20
2017,12,CIN,30
2017,12,CLE,16
2017,12,TEN,20
2017,12,IND,16
2017,12,KC,10
2017,12,BUF,16
2017,12,NE,35
2017,12,MIA,17
2017,12,CAR,35
2017,12,NYJ,27
2017,12,PHI,31
2017,12,CHI,3
2017,12,NO,20
2017,12,LA,26
2017,12,SEA,24
2017,12,SF,13
2017,12,JAX,24
2017,12,ARI,27
2017,12,OAK,21
2017,12,DEN,14
2017,12,PIT,31
2017,12,GB,28
2017,12,HOU,16
2017,12,BAL,23
2017,13,WAS,14
2017,13,DAL,38
2017,13,MIN,14
2017,13,ATL,9
2017,13,DET,20
2017,13,BAL,44
2017,13,NE,23
2017,13,BUF,3
2017,13,SF,15
2017,13,CHI,14
2017,13,TB,20
2017,13,GB,26
2017,13,JAX,30
2017,13,IND,10
2017,13,MIA,35
2017,13,DEN,9
2017,13,CAR,21
2017,13,NO,31
2017,13,NYJ,38
2017,13,KC,31
2017,13,HOU,13
2017,13,TEN,24
2017,13,LAC,19
2017,13,CLE,10
2017,13,ARI,16
2017,13,LA,32
2017,13,OAK,24
2017,13,NYG,17
2017,13,SEA,24
2017,13,PHI,10
2017,13,PIT,23
2017,13,CIN,20
2017,14,NO,17
2017,14,ATL,20
2017,14,IND,7
2017,14,BUF,13
2017,14,MIN,24
2017,14,CAR,31
2017,14,CHI,33
2017,14,CIN,7
2017,14,GB,27
2017,14,CLE,21
2017,14,HOU,16
2017,14,SF,26
2017,14,JAX,30
2017,14,SEA,24
2017,14,OAK,15
2017,14,KC,26
2017,14,TB,21
2017,14,DET,24
2017,14,ARI,12
2017,14,TEN,7
2017,14,NYJ,0
2017,14,DEN,23
2017,14,WAS,13
2017,14,LAC,30
2017,14,LA,35
2017,14,PHI,43
2017,14,NYG,10
2017,14,DAL,30
2017,14,BAL,38
2017,14,PIT,39
2017,14,NE,20
2017,14,MIA,27
2017,15,IND,13
2017,15,DEN,25
2017,15,DET,20
2017,15,CHI,10
2017,15,KC,30
2017,15,LAC,13
2017,15,MIA,16
2017,15,BUF,24
2017,15,GB,24
2017,15,CAR,31
2017,15,BAL,27
2017,15,CLE,10
2017,15,JAX,45
2017,15,HOU,7
2017,15,CIN,7
2017,15,MIN,34
2017,15,NYJ,19
2017,15,NO,31
2017,15,PHI,34
2017,15,NYG,29
2017,15,WAS,20
2017,15,ARI,15
2017,15,SEA,7
2017,15,LA,42
2017,15,NE,27
2017,15,PIT,24
2017,15,SF,25
2017,15,TEN,23
2017,15,OAK,17
2017,15,DAL,20
2017,15,ATL,24
2017,15,TB,21
2017,16,IND,16
2017,16,BAL,23
2017,16,MIN,16
2017,16,GB,0
2017,16,TB,19
2017,16,CAR,22
2017,16,CHI,20
2017,16,CLE,3
2017,16,DET,17
2017,16,CIN,26
2017,16,KC,29
2017,16,MIA,13
2017,16,NE,37
2017,16,BUF,16
2017,16,NO,23
2017,16,ATL,13
2017,16,LAC,14
2017,16,NYJ,7
2017,16,LA,27
2017,16,TEN,23
2017,16,DEN,11
2017,16,WAS,27
2017,16,JAX,33
2017,16,SF,44
2017,16,ARI,23
2017,16,NYG,0
2017,16,SEA,21
2017,16,DAL,12
2017,16,HOU,6
2017,16,PIT,34
2017,16,OAK,10
2017,16,PHI,19
2017,17,CAR,10
2017,17,ATL,22
2017,17,BAL,27
2017,17,CIN,31
2017,17,GB,11
2017,17,DET,35
2017,17,HOU,13
2017,17,IND,22
2017,17,BUF,22
2017,17,MIA,16
2017,17,MIN,23
2017,17,CHI,10
2017,17,NYJ,6
2017,17,NE,26
2017,17,NYG,18
2017,17,WAS,10
2017,17,DAL,6
2017,17,PHI,0
2017,17,CLE,24
2017,17,PIT,28
2017,17,NO,24
2017,17,TB,31
2017,17,JAX,10
2017,17,TEN,15
2017,17,KC,27
2017,17,DEN,24
2017,17,LAC,30
2017,17,OAK,10
2017,17,LA,13
2017,17,SF,34
2017,17,SEA,24
2017,17,ARI,26
