Season,Week,Team,Score
2009,1,PIT,13
2009,1,TEN,10
2009,1,ATL,19
2009,1,MIA,7
2009,1,BAL,38
2009,1,KC,24
2009,1,CAR,10
2009,1,PHI,38
2009,1,DEN,12
2009,1,CIN,7
2009,1,CLE,20
2009,1,MIN,34
2009,1,NYJ,24
2009,1,HOU,7
2009,1,IND,14
2009,1,JAC,12
2009,1,NO,45
2009,1,DET,27
2009,1,TB,21
2009,1,DAL,34
2009,1,ARI,16
2009,1,SF,20
2009,1,NYG,23
2009,1,WAS,17
2009,1,SEA,28
2009,1,STL,0
2009,1,GB,21
2009,1,CHI,15
2009,1,BUF,24
2009,1,NE,25
2009,1,SD,24
2009,1,OAK,20
2009,2,CAR,20
2009,2,ATL,28
2009,2,MIN,27
2009,2,DET,13
2009,2,GB,24
2009,2,CIN,31
2009,2,JAC,17
2009,2,ARI,31
2009,2,OAK,13
2009,2,KC,10
2009,2,NYJ,16
2009,2,NE,9
2009,2,PHI,22
2009,2,NO,48
2009,2,HOU,34
2009,2,TEN,31
2009,2,STL,7
2009,2,WAS,9
2009,2,BUF,33
2009,2,TB,20
2009,2,SEA,10
2009,2,SF,23
2009,2,CHI,17
2009,2,PIT,14
2009,2,CLE,6
2009,2,DEN,27
2009,2,BAL,31
2009,2,SD,26
2009,2,DAL,31
2009,2,NYG,33
2009,2,MIA,23
2009,2,IND,27
2009,3,CLE,3
2009,3,BAL,34
2009,3,CIN,23
2009,3,PIT,20
2009,3,DET,19
2009,3,WAS,14
2009,3,HOU,24
2009,3,JAC,31
2009,3,SF,24
2009,3,MIN,27
2009,3,NE,26
2009,3,ATL,10
2009,3,KC,14
2009,3,PHI,34
2009,3,GB,36
2009,3,STL,17
2009,3,TB,0
2009,3,NYG,24
2009,3,NO,27
2009,3,BUF,7
2009,3,CHI,25
2009,3,SEA,19
2009,3,TEN,17
2009,3,NYJ,24
2009,3,DEN,23
2009,3,OAK,3
2009,3,MIA,13
2009,3,SD,23
2009,3,IND,31
2009,3,ARI,10
2009,3,DAL,21
2009,3,CAR,7
2009,4,DET,24
2009,4,CHI,48
2009,4,CIN,23
2009,4,CLE,20
2009,4,HOU,29
2009,4,OAK,6
2009,4,SEA,17
2009,4,IND,34
2009,4,JAC,37
2009,4,TEN,17
2009,4,KC,16
2009,4,NYG,27
2009,4,NE,27
2009,4,BAL,21
2009,4,WAS,16
2009,4,TB,13
2009,4,MIA,38
2009,4,BUF,10
2009,4,NO,24
2009,4,NYJ,10
2009,4,DEN,17
2009,4,DAL,10
2009,4,STL,0
2009,4,SF,35
2009,4,SD,28
2009,4,PIT,38
2009,4,GB,23
2009,4,MIN,30
2009,5,BAL,14
2009,5,CIN,17
2009,5,CLE,6
2009,5,BUF,3
2009,5,CAR,20
2009,5,WAS,17
2009,5,PIT,28
2009,5,DET,20
2009,5,DAL,26
2009,5,KC,20
2009,5,NYG,44
2009,5,OAK,7
2009,5,PHI,33
2009,5,TB,14
2009,5,STL,10
2009,5,MIN,38
2009,5,SF,10
2009,5,ATL,45
2009,5,ARI,28
2009,5,HOU,21
2009,5,DEN,20
2009,5,NE,17
2009,5,JAC,0
2009,5,SEA,41
2009,5,TEN,9
2009,5,IND,31
2009,5,NYJ,27
2009,5,MIA,31
2009,6,CIN,17
2009,6,HOU,28
2009,6,GB,26
2009,6,DET,0
2009,6,STL,20
2009,6,JAC,23
2009,6,BAL,31
2009,6,MIN,33
2009,6,NYG,27
2009,6,NO,48
2009,6,CLE,14
2009,6,PIT,27
2009,6,CAR,28
2009,6,TB,21
2009,6,KC,14
2009,6,WAS,6
2009,6,PHI,9
2009,6,OAK,13
2009,6,SEA,3
2009,6,ARI,27
2009,6,TEN,0
2009,6,NE,59
2009,6,NYJ,13
2009,6,BUF,16
2009,6,CHI,14
2009,6,ATL,21
2009,6,SD,23
2009,6,DEN,34
2009,7,CIN,45
2009,7,CHI,10
2009,7,GB,31
2009,7,CLE,3
2009,7,SF,21
2009,7,HOU,24
2009,7,SD,37
2009,7,KC,7
2009,7,MIN,17
2009,7,PIT,27
2009,7,IND,42
2009,7,STL,6
2009,7,TB,7
2009,7,NE,35
2009,7,CAR,9
2009,7,BUF,20
2009,7,OAK,0
2009,7,NYJ,38
2009,7,DAL,37
2009,7,ATL,21
2009,7,NO,46
2009,7,MIA,34
2009,7,NYG,17
2009,7,ARI,24
2009,7,WAS,17
2009,7,PHI,27
2009,8,DEN,7
2009,8,BAL,30
2009,8,HOU,31
2009,8,BUF,10
2009,8,CLE,6
2009,8,CHI,30
2009,8,DAL,38
2009,8,SEA,17
2009,8,DET,10
2009,8,STL,17
2009,8,GB,26
2009,8,MIN,38
2009,8,IND,18
2009,8,SF,14
2009,8,NYJ,25
2009,8,MIA,30
2009,8,OAK,16
2009,8,SD,24
2009,8,TEN,30
2009,8,JAC,13
2009,8,ARI,21
2009,8,CAR,34
2009,8,PHI,40
2009,8,NYG,17
2009,8,NO,35
2009,8,ATL,27
2009,9,ATL,31
2009,9,WAS,17
2009,9,CHI,21
2009,9,ARI,41
2009,9,BAL,7
2009,9,CIN,17
2009,9,IND,20
2009,9,HOU,17
2009,9,KC,21
2009,9,JAC,24
2009,9,MIA,17
2009,9,NE,27
2009,9,GB,28
2009,9,TB,38
2009,9,CAR,20
2009,9,NO,30
2009,9,DET,20
2009,9,SEA,32
2009,9,NYG,20
2009,9,SD,21
2009,9,SF,27
2009,9,TEN,34
2009,9,DAL,20
2009,9,PHI,16
2009,9,PIT,28
2009,9,DEN,10
2009,10,CHI,6
2009,10,SF,10
2009,10,CAR,28
2009,10,ATL,19
2009,10,MIA,25
2009,10,TB,23
2009,10,MIN,27
2009,10,DET,10
2009,10,NYJ,22
2009,10,JAC,24
2009,10,CIN,18
2009,10,PIT,12
2009,10,STL,23
2009,10,NO,28
2009,10,TEN,41
2009,10,BUF,17
2009,10,DEN,17
2009,10,WAS,27
2009,10,OAK,10
2009,10,KC,16
2009,10,SEA,20
2009,10,ARI,31
2009,10,GB,17
2009,10,DAL,7
2009,10,SD,31
2009,10,PHI,23
2009,10,IND,35
2009,10,NE,34
2009,10,CLE,0
2009,10,BAL,16
2009,11,MIA,24
2009,11,CAR,17
2009,11,BAL,15
2009,11,IND,17
2009,11,WAS,6
2009,11,DAL,7
2009,11,CLE,37
2009,11,DET,38
2009,11,SF,24
2009,11,GB,30
2009,11,JAC,18
2009,11,BUF,15
2009,11,KC,27
2009,11,PIT,24
2009,11,SEA,9
2009,11,MIN,35
2009,11,ATL,31
2009,11,NYG,34
2009,11,NO,38
2009,11,TB,7
2009,11,STL,13
2009,11,ARI,21
2009,11,SD,32
2009,11,DEN,3
2009,11,NYJ,14
2009,11,NE,31
2009,11,OAK,20
2009,11,CIN,17
2009,11,PHI,24
2009,11,CHI,20
2009,11,TEN,20
2009,11,HOU,17
2009,12,GB,34
2009,12,DET,12
2009,12,OAK,7
2009,12,DAL,24
2009,12,NYG,6
2009,12,DEN,26
2009,12,ATL,20
2009,12,TB,17
2009,12,BUF,31
2009,12,MIA,14
2009,12,CIN,16
2009,12,CLE,7
2009,12,HOU,27
2009,12,IND,35
2009,12,MIN,36
2009,12,CHI,10
2009,12,CAR,6
2009,12,NYJ,17
2009,12,PHI,27
2009,12,WAS,24
2009,12,SEA,27
2009,12,STL,17
2009,12,ARI,17
2009,12,TEN,20
2009,12,KC,14
2009,12,SD,43
2009,12,SF,20
2009,12,JAC,3
2009,12,BAL,20
2009,12,PIT,17
2009,12,NE,17
2009,12,NO,38
2009,13,NYJ,19
2009,13,BUF,13
2009,13,PHI,34
2009,13,ATL,7
2009,13,TB,6
2009,13,CAR,16
2009,13,CHI,17
2009,13,STL,9
2009,13,CIN,23
2009,13,DET,13
2009,13,TEN,17
2009,13,IND,27
2009,13,JAC,23
2009,13,HOU,18
2009,13,KC,13
2009,13,DEN,44
2009,13,PIT,24
2009,13,OAK,27
2009,13,NO,33
2009,13,WAS,30
2009,13,SD,30
2009,13,CLE,23
2009,13,MIN,17
2009,13,ARI,30
2009,13,NYG,31
2009,13,DAL,24
2009,13,SF,17
2009,13,SEA,20
2009,13,NE,21
2009,13,MIA,22
2009,13,BAL,14
2009,13,GB,27
2009,14,PIT,6
2009,14,CLE,13
2009,14,ATL,23
2009,14,NO,26
2009,14,BAL,48
2009,14,DET,3
2009,14,GB,21
2009,14,CHI,14
2009,14,HOU,34
2009,14,SEA,7
2009,14,IND,28
2009,14,DEN,16
2009,14,JAC,10
2009,14,MIA,14
2009,14,BUF,16
2009,14,KC,10
2009,14,CIN,10
2009,14,MIN,30
2009,14,CAR,10
2009,14,NE,20
2009,14,TB,3
2009,14,NYJ,26
2009,14,TEN,47
2009,14,STL,7
2009,14,OAK,13
2009,14,WAS,34
2009,14,SD,20
2009,14,DAL,17
2009,14,NYG,38
2009,14,PHI,45
2009,14,ARI,9
2009,14,SF,24
2009,15,JAC,31
2009,15,IND,35
2009,15,DAL,24
2009,15,NO,17
2009,15,CHI,7
2009,15,BAL,31
2009,15,BUF,10
2009,15,NE,17
2009,15,ARI,31
2009,15,DET,24
2009,15,CLE,41
2009,15,KC,34
2009,15,NYJ,7
2009,15,ATL,10
2009,15,PHI,27
2009,15,SF,13
2009,15,PIT,37
2009,15,GB,36
2009,15,HOU,16
2009,15,STL,13
2009,15,MIA,24
2009,15,TEN,27
2009,15,DEN,19
2009,15,OAK,20
2009,15,SD,27
2009,15,CIN,24
2009,15,TB,24
2009,15,SEA,7
2009,15,MIN,7
2009,15,CAR,26
2009,15,NYG,45
2009,15,WAS,12
2009,16,SD,42
2009,16,TEN,17
2009,16,BUF,3
2009,16,ATL,31
2009,16,CIN,17
2009,16,KC,10
2009,16,OAK,9
2009,16,CLE,23
2009,16,GB,48
2009,16,SEA,10
2009,16,HOU,27
2009,16,MIA,20
2009,16,CAR,41
2009,16,NYG,9
2009,16,JAC,7
2009,16,NE,35
2009,16,NO,17
2009,16,TB,20
2009,16,PHI,30
2009,16,DEN,27
2009,16,PIT,23
2009,16,BAL,20
2009,16,STL,10
2009,16,ARI,31
2009,16,SF,20
2009,16,DET,6
2009,16,IND,15
2009,16,NYJ,29
2009,16,DAL,17
2009,16,WAS,0
2009,16,MIN,30
2009,16,CHI,36
2009,17,BUF,30
2009,17,IND,7
2009,17,NO,10
2009,17,CAR,23
2009,17,CLE,23
2009,17,JAC,17
2009,17,DAL,24
2009,17,PHI,0
2009,17,DET,23
2009,17,CHI,37
2009,17,HOU,34
2009,17,NE,27
2009,17,PIT,30
2009,17,MIA,24
2009,17,NYG,7
2009,17,MIN,44
2009,17,NYJ,37
2009,17,CIN,0
2009,17,SF,28
2009,17,STL,6
2009,17,ATL,20
2009,17,TB,10
2009,17,ARI,7
2009,17,GB,33
2009,17,DEN,24
2009,17,KC,44
2009,17,OAK,13
2009,17,BAL,21
2009,17,SD,23
2009,17,WAS,20
2009,17,SEA,13
2009,17,TEN,17
