Season,Week,Team,Score
2015,1,NE,28
2015,1,PIT,21
2015,1,CHI,23
2015,1,GB,31
2015,1,SEA,31
2015,1,STL,34
2015,1,CAR,20
2015,1,JAC,9
2015,1,MIA,17
2015,1,WAS,10
2015,1,BUF,27
2015,1,IND,14
2015,1,NYJ,31
2015,1,CLE,10
2015,1,HOU,20
2015,1,KC,27
2015,1,ARI,31
2015,1,NO,19
2015,1,DET,28
2015,1,SD,33
2015,1,BAL,13
2015,1,DEN,19
2015,1,CIN,33
2015,1,OAK,13
2015,1,TB,14
2015,1,TEN,42
2015,1,DAL,27
2015,1,NYG,26
2015,1,PHI,24
2015,1,ATL,26
2015,1,MIN,3
2015,1,SF,20
2015,2,DEN,31
2015,2,KC,24
2015,2,CAR,24
2015,2,HOU,17
2015,2,NE,40
2015,2,BUF,32
2015,2,CIN,24
2015,2,SD,19
2015,2,TEN,14
2015,2,CLE,28
2015,2,ATL,24
2015,2,NYG,20
2015,2,WAS,24
2015,2,STL,10
2015,2,ARI,48
2015,2,CHI,23
2015,2,DET,16
2015,2,MIN,26
2015,2,NO,19
2015,2,TB,26
2015,2,SF,18
2015,2,PIT,43
2015,2,BAL,33
2015,2,OAK,37
2015,2,MIA,20
2015,2,JAC,23
2015,2,DAL,20
2015,2,PHI,10
2015,2,SEA,17
2015,2,GB,27
2015,2,NYJ,20
2015,2,IND,7
2015,3,WAS,21
2015,3,NYG,32
2015,3,ATL,39
2015,3,DAL,28
2015,3,NO,22
2015,3,CAR,27
2015,3,NYJ,17
2015,3,PHI,24
2015,3,TB,9
2015,3,HOU,19
2015,3,SD,14
2015,3,MIN,31
2015,3,STL,6
2015,3,PIT,12
2015,3,JAC,17
2015,3,NE,51
2015,3,BAL,24
2015,3,CIN,28
2015,3,OAK,27
2015,3,CLE,20
2015,3,IND,35
2015,3,TEN,33
2015,3,SF,7
2015,3,ARI,47
2015,3,CHI,0
2015,3,SEA,26
2015,3,BUF,41
2015,3,MIA,14
2015,3,DEN,24
2015,3,DET,12
2015,3,GB,38
2015,3,KC,28
2015,4,PIT,20
2015,4,BAL,23
2015,4,NYJ,27
2015,4,MIA,14
2015,4,OAK,20
2015,4,CHI,22
2015,4,ATL,48
2015,4,HOU,21
2015,4,KC,21
2015,4,CIN,36
2015,4,IND,16
2015,4,JAC,13
2015,4,PHI,20
2015,4,WAS,23
2015,4,TB,23
2015,4,CAR,37
2015,4,NYG,24
2015,4,BUF,10
2015,4,SD,30
2015,4,CLE,27
2015,4,SF,3
2015,4,GB,17
2015,4,STL,24
2015,4,ARI,22
2015,4,MIN,20
2015,4,DEN,23
2015,4,NO,26
2015,4,DAL,20
2015,4,SEA,13
2015,4,DET,10
2015,5,HOU,20
2015,5,IND,27
2015,5,PHI,39
2015,5,NO,17
2015,5,CHI,18
2015,5,KC,17
2015,5,CIN,27
2015,5,SEA,24
2015,5,WAS,19
2015,5,ATL,25
2015,5,TB,38
2015,5,JAC,31
2015,5,CLE,33
2015,5,BAL,30
2015,5,BUF,14
2015,5,TEN,13
2015,5,STL,10
2015,5,GB,24
2015,5,ARI,42
2015,5,DET,17
2015,5,NE,30
2015,5,DAL,6
2015,5,DEN,16
2015,5,OAK,10
2015,5,SF,27
2015,5,NYG,30
2015,5,PIT,24
2015,5,SD,20
2015,6,NO,31
2015,6,ATL,21
2015,6,DET,37
2015,6,CHI,34
2015,6,WAS,20
2015,6,NYJ,34
2015,6,PIT,25
2015,6,ARI,13
2015,6,MIN,16
2015,6,KC,10
2015,6,BUF,21
2015,6,CIN,34
2015,6,CLE,23
2015,6,DEN,26
2015,6,TEN,10
2015,6,MIA,38
2015,6,HOU,31
2015,6,JAC,20
2015,6,CAR,27
2015,6,SEA,23
2015,6,SD,20
2015,6,GB,27
2015,6,BAL,20
2015,6,SF,25
2015,6,NE,34
2015,6,IND,27
2015,6,NYG,7
2015,6,PHI,27
2015,7,SEA,20
2015,7,SF,3
2015,7,JAC,34
2015,7,BUF,31
2015,7,STL,24
2015,7,CLE,6
2015,7,MIA,44
2015,7,HOU,26
2015,7,NE,30
2015,7,NYJ,23
2015,7,PIT,13
2015,7,KC,23
2015,7,TB,30
2015,7,WAS,31
2015,7,MIN,28
2015,7,DET,19
2015,7,IND,21
2015,7,NO,27
2015,7,ATL,10
2015,7,TEN,7
2015,7,OAK,37
2015,7,SD,29
2015,7,NYG,27
2015,7,DAL,20
2015,7,PHI,16
2015,7,CAR,27
2015,7,BAL,18
2015,7,ARI,26
2015,8,MIA,7
2015,8,NE,36
2015,8,DET,10
2015,8,KC,45
2015,8,SD,26
2015,8,BAL,29
2015,8,CIN,16
2015,8,PIT,10
2015,8,HOU,20
2015,8,TEN,6
2015,8,MIN,23
2015,8,CHI,20
2015,8,TB,23
2015,8,ATL,20
2015,8,NYG,49
2015,8,NO,52
2015,8,STL,27
2015,8,SF,6
2015,8,CLE,20
2015,8,ARI,34
2015,8,OAK,34
2015,8,NYJ,20
2015,8,SEA,13
2015,8,DAL,12
2015,8,GB,10
2015,8,DEN,29
2015,8,IND,26
2015,8,CAR,29
2015,9,CLE,10
2015,9,CIN,31
2015,9,STL,18
2015,9,MIN,21
2015,9,CAR,37
2015,9,GB,29
2015,9,WAS,10
2015,9,NE,27
2015,9,NO,28
2015,9,TEN,34
2015,9,BUF,33
2015,9,MIA,17
2015,9,JAC,23
2015,9,NYJ,28
2015,9,OAK,35
2015,9,PIT,38
2015,9,NYG,32
2015,9,TB,18
2015,9,ATL,16
2015,9,SF,17
2015,9,DEN,24
2015,9,IND,27
2015,9,PHI,33
2015,9,DAL,27
2015,9,CHI,22
2015,9,SD,19
2015,10,NYJ,17
2015,10,BUF,22
2015,10,WAS,47
2015,10,NO,14
2015,10,GB,16
2015,10,DET,18
2015,10,DAL,6
2015,10,TB,10
2015,10,CAR,27
2015,10,TEN,10
2015,10,CHI,37
2015,10,STL,13
2015,10,PHI,19
2015,10,MIA,20
2015,10,JAC,22
2015,10,BAL,20
2015,10,PIT,30
2015,10,CLE,9
2015,10,MIN,30
2015,10,OAK,14
2015,10,NYG,26
2015,10,NE,27
2015,10,DEN,13
2015,10,KC,29
2015,10,SEA,32
2015,10,ARI,39
2015,10,HOU,10
2015,10,CIN,6
2015,11,TEN,13
2015,11,JAC,19
2015,11,DEN,17
2015,11,CHI,15
2015,11,DET,18
2015,11,OAK,13
2015,11,ATL,21
2015,11,IND,24
2015,11,HOU,24
2015,11,NYJ,17
2015,11,PHI,17
2015,11,TB,45
2015,11,MIN,13
2015,11,GB,30
2015,11,WAS,16
2015,11,CAR,44
2015,11,MIA,14
2015,11,DAL,24
2015,11,BAL,16
2015,11,STL,13
2015,11,ARI,34
2015,11,CIN,31
2015,11,SEA,29
2015,11,SF,13
2015,11,SD,3
2015,11,KC,33
2015,11,BUF,13
2015,11,NE,20
2015,12,DET,45
2015,12,PHI,14
2015,12,CAR,33
2015,12,DAL,14
2015,12,CHI,17
2015,12,GB,13
2015,12,NYG,14
2015,12,WAS,20
2015,12,ATL,10
2015,12,MIN,20
2015,12,STL,7
2015,12,CIN,31
2015,12,HOU,24
2015,12,NO,6
2015,12,TB,12
2015,12,IND,25
2015,12,NYJ,38
2015,12,MIA,20
2015,12,JAC,25
2015,12,SD,31
2015,12,OAK,24
2015,12,TEN,21
2015,12,BUF,22
2015,12,KC,30
2015,12,SF,13
2015,12,ARI,19
2015,12,PIT,30
2015,12,SEA,39
2015,12,NE,24
2015,12,DEN,30
2015,12,BAL,33
2015,12,CLE,27
2015,13,DET,23
2015,13,GB,27
2015,13,NYG,20
2015,13,NYJ,23
2015,13,BUF,30
2015,13,HOU,21
2015,13,MIA,15
2015,13,BAL,13
2015,13,CLE,3
2015,13,CIN,37
2015,13,TEN,42
2015,13,JAC,39
2015,13,CHI,20
2015,13,SF,26
2015,13,MIN,7
2015,13,SEA,38
2015,13,NO,38
2015,13,CAR,41
2015,13,ATL,19
2015,13,TB,23
2015,13,STL,3
2015,13,ARI,27
2015,13,KC,34
2015,13,OAK,20
2015,13,DEN,17
2015,13,SD,3
2015,13,NE,28
2015,13,PHI,35
2015,13,PIT,45
2015,13,IND,10
2015,13,WAS,16
2015,13,DAL,19
2015,14,MIN,20
2015,14,ARI,23
2015,14,BUF,20
2015,14,PHI,23
2015,14,TEN,8
2015,14,NYJ,30
2015,14,PIT,33
2015,14,CIN,20
2015,14,HOU,6
2015,14,NE,27
2015,14,JAC,51
2015,14,IND,16
2015,14,SD,3
2015,14,KC,10
2015,14,WAS,24
2015,14,CHI,21
2015,14,CAR,38
2015,14,ATL,0
2015,14,NO,24
2015,14,TB,17
2015,14,DET,14
2015,14,STL,21
2015,14,SF,10
2015,14,CLE,24
2015,14,OAK,15
2015,14,DEN,12
2015,14,GB,28
2015,14,DAL,7
2015,14,BAL,6
2015,14,SEA,35
2015,14,MIA,24
2015,14,NYG,31
2015,15,TB,23
2015,15,STL,31
2015,15,NYJ,19
2015,15,DAL,16
2015,15,CAR,38
2015,15,NYG,35
2015,15,PHI,17
2015,15,ARI,40
2015,15,CHI,17
2015,15,MIN,38
2015,15,ATL,23
2015,15,JAC,17
2015,15,HOU,16
2015,15,IND,10
2015,15,NE,33
2015,15,TEN,16
2015,15,KC,34
2015,15,BAL,14
2015,15,WAS,35
2015,15,BUF,25
2015,15,SEA,30
2015,15,CLE,13
2015,15,GB,30
2015,15,OAK,20
2015,15,PIT,34
2015,15,DEN,27
2015,15,SD,30
2015,15,MIA,14
2015,15,SF,14
2015,15,CIN,24
2015,15,DET,35
2015,15,NO,27
2015,16,SD,20
2015,16,OAK,23
2015,16,PHI,24
2015,16,WAS,38
2015,16,NO,38
2015,16,JAC,27
2015,16,IND,18
2015,16,MIA,12
2015,16,NE,20
2015,16,NYJ,26
2015,16,HOU,34
2015,16,TEN,6
2015,16,KC,17
2015,16,CLE,13
2015,16,DET,32
2015,16,SF,17
2015,16,NYG,17
2015,16,MIN,49
2015,16,CAR,13
2015,16,ATL,20
2015,16,CHI,26
2015,16,TB,21
2015,16,BUF,16
2015,16,DAL,6
2015,16,ARI,38
2015,16,GB,8
2015,16,SEA,17
2015,16,STL,23
2015,16,BAL,20
2015,16,PIT,17
2015,16,CIN,17
2015,16,DEN,20
2015,17,BUF,22
2015,17,NYJ,17
2015,17,MIA,20
2015,17,NE,10
2015,17,CIN,24
2015,17,BAL,16
2015,17,CLE,12
2015,17,PIT,28
2015,17,HOU,30
2015,17,JAC,6
2015,17,TEN,24
2015,17,IND,30
2015,17,KC,23
2015,17,OAK,17
2015,17,DAL,23
2015,17,WAS,34
2015,17,PHI,35
2015,17,NYG,30
2015,17,CHI,20
2015,17,DET,24
2015,17,GB,13
2015,17,MIN,20
2015,17,ATL,17
2015,17,NO,20
2015,17,CAR,38
2015,17,TB,10
2015,17,DEN,27
2015,17,SD,20
2015,17,ARI,6
2015,17,SEA,36
2015,17,STL,16
2015,17,SF,19
