Season,Week,Team,Score
2013,1,DEN,49
2013,1,BAL,27
2013,1,BUF,21
2013,1,NE,23
2013,1,SEA,12
2013,1,CAR,7
2013,1,CIN,21
2013,1,CHI,24
2013,1,CLE,10
2013,1,MIA,23
2013,1,MIN,24
2013,1,DET,34
2013,1,IND,21
2013,1,OAK,17
2013,1,JAC,2
2013,1,KC,28
2013,1,NYJ,18
2013,1,TB,17
2013,1,ATL,17
2013,1,NO,23
2013,1,TEN,16
2013,1,PIT,9
2013,1,ARI,24
2013,1,STL,27
2013,1,GB,28
2013,1,SF,34
2013,1,NYG,31
2013,1,DAL,36
2013,1,PHI,33
2013,1,WAS,27
2013,1,HOU,31
2013,1,SD,28
2013,2,NYJ,10
2013,2,NE,13
2013,2,STL,24
2013,2,ATL,31
2013,2,CLE,6
2013,2,BAL,14
2013,2,BUF,24
2013,2,CAR,23
2013,2,CHI,31
2013,2,MIN,30
2013,2,WAS,20
2013,2,GB,38
2013,2,TEN,24
2013,2,HOU,30
2013,2,IND,20
2013,2,MIA,24
2013,2,KC,17
2013,2,DAL,16
2013,2,SD,33
2013,2,PHI,30
2013,2,ARI,25
2013,2,DET,21
2013,2,TB,14
2013,2,NO,16
2013,2,DEN,41
2013,2,NYG,23
2013,2,JAC,9
2013,2,OAK,19
2013,2,SF,3
2013,2,SEA,29
2013,2,CIN,20
2013,2,PIT,10
2013,3,KC,26
2013,3,PHI,16
2013,3,HOU,9
2013,3,BAL,30
2013,3,GB,30
2013,3,CIN,34
2013,3,STL,7
2013,3,DAL,31
2013,3,MIA,27
2013,3,ATL,23
2013,3,CLE,31
2013,3,MIN,27
2013,3,BUF,20
2013,3,NYJ,27
2013,3,TB,3
2013,3,NE,23
2013,3,NO,31
2013,3,ARI,7
2013,3,SD,17
2013,3,TEN,20
2013,3,WAS,20
2013,3,DET,27
2013,3,NYG,0
2013,3,CAR,38
2013,3,SF,7
2013,3,IND,27
2013,3,JAC,17
2013,3,SEA,45
2013,3,PIT,23
2013,3,CHI,40
2013,3,OAK,21
2013,3,DEN,37
2013,4,STL,11
2013,4,SF,35
2013,4,BUF,23
2013,4,BAL,20
2013,4,CIN,6
2013,4,CLE,17
2013,4,CHI,32
2013,4,DET,40
2013,4,SEA,23
2013,4,HOU,20
2013,4,IND,37
2013,4,JAC,3
2013,4,NYG,7
2013,4,KC,31
2013,4,PIT,27
2013,4,MIN,34
2013,4,ARI,13
2013,4,TB,10
2013,4,NYJ,13
2013,4,TEN,38
2013,4,DEN,52
2013,4,PHI,20
2013,4,OAK,14
2013,4,WAS,24
2013,4,SD,30
2013,4,DAL,21
2013,4,ATL,23
2013,4,NE,30
2013,4,MIA,17
2013,4,NO,38
2013,5,BUF,24
2013,5,CLE,37
2013,5,CHI,18
2013,5,NO,26
2013,5,NE,6
2013,5,CIN,13
2013,5,DET,9
2013,5,GB,22
2013,5,SEA,28
2013,5,IND,34
2013,5,BAL,26
2013,5,MIA,23
2013,5,PHI,36
2013,5,NYG,21
2013,5,JAC,20
2013,5,STL,34
2013,5,TEN,17
2013,5,KC,26
2013,5,CAR,6
2013,5,ARI,22
2013,5,DEN,51
2013,5,DAL,48
2013,5,OAK,27
2013,5,SD,17
2013,5,SF,34
2013,5,HOU,3
2013,5,ATL,28
2013,5,NYJ,30
2013,6,CHI,27
2013,6,NYG,21
2013,6,GB,19
2013,6,BAL,17
2013,6,CIN,27
2013,6,BUF,24
2013,6,DET,31
2013,6,CLE,17
2013,6,STL,38
2013,6,HOU,13
2013,6,OAK,7
2013,6,KC,24
2013,6,CAR,35
2013,6,MIN,10
2013,6,NYJ,6
2013,6,PIT,19
2013,6,TB,20
2013,6,PHI,31
2013,6,JAC,19
2013,6,DEN,35
2013,6,SEA,20
2013,6,TEN,13
2013,6,NE,30
2013,6,NO,27
2013,6,SF,32
2013,6,ARI,20
2013,6,DAL,31
2013,6,WAS,16
2013,6,IND,9
2013,6,SD,19
2013,7,SEA,34
2013,7,ARI,22
2013,7,ATL,31
2013,7,TB,23
2013,7,CAR,30
2013,7,STL,15
2013,7,CIN,27
2013,7,DET,24
2013,7,GB,31
2013,7,CLE,13
2013,7,JAC,6
2013,7,SD,24
2013,7,HOU,16
2013,7,KC,17
2013,7,MIA,21
2013,7,BUF,23
2013,7,NYJ,30
2013,7,NE,27
2013,7,PHI,3
2013,7,DAL,17
2013,7,WAS,45
2013,7,CHI,41
2013,7,SF,31
2013,7,TEN,17
2013,7,BAL,16
2013,7,PIT,19
2013,7,DEN,33
2013,7,IND,39
2013,7,MIN,7
2013,7,NYG,23
2013,8,CAR,31
2013,8,TB,13
2013,8,DAL,30
2013,8,DET,31
2013,8,JAC,10
2013,8,SF,42
2013,8,KC,23
2013,8,CLE,17
2013,8,MIA,17
2013,8,NE,27
2013,8,NO,35
2013,8,BUF,17
2013,8,NYG,15
2013,8,PHI,7
2013,8,PIT,18
2013,8,OAK,21
2013,8,NYJ,9
2013,8,CIN,49
2013,8,ARI,27
2013,8,ATL,13
2013,8,DEN,45
2013,8,WAS,21
2013,8,MIN,31
2013,8,GB,44
2013,8,STL,9
2013,8,SEA,14
2013,9,MIA,22
2013,9,CIN,20
2013,9,KC,23
2013,9,BUF,13
2013,9,ATL,10
2013,9,CAR,34
2013,9,DAL,27
2013,9,MIN,23
2013,9,NYJ,26
2013,9,NO,20
2013,9,STL,21
2013,9,TEN,28
2013,9,SD,24
2013,9,WAS,30
2013,9,PHI,49
2013,9,OAK,20
2013,9,SEA,27
2013,9,TB,24
2013,9,BAL,18
2013,9,CLE,24
2013,9,PIT,31
2013,9,NE,55
2013,9,HOU,24
2013,9,IND,27
2013,9,CHI,27
2013,9,GB,20
2013,10,WAS,27
2013,10,MIN,34
2013,10,SEA,33
2013,10,ATL,10
2013,10,CIN,17
2013,10,BAL,20
2013,10,DET,21
2013,10,CHI,19
2013,10,GB,13
2013,10,PHI,27
2013,10,IND,8
2013,10,STL,38
2013,10,OAK,20
2013,10,NYG,24
2013,10,BUF,10
2013,10,PIT,23
2013,10,TEN,27
2013,10,JAC,29
2013,10,SF,9
2013,10,CAR,10
2013,10,ARI,27
2013,10,HOU,24
2013,10,DEN,28
2013,10,SD,20
2013,10,NO,49
2013,10,DAL,17
2013,10,TB,22
2013,10,MIA,19
2013,11,IND,30
2013,11,TEN,27
2013,11,BUF,37
2013,11,NYJ,14
2013,11,BAL,20
2013,11,CHI,23
2013,11,CLE,20
2013,11,CIN,41
2013,11,OAK,28
2013,11,HOU,23
2013,11,JAC,14
2013,11,ARI,27
2013,11,SD,16
2013,11,MIA,20
2013,11,PHI,24
2013,11,WAS,16
2013,11,DET,27
2013,11,PIT,37
2013,11,TB,41
2013,11,ATL,28
2013,11,KC,17
2013,11,DEN,27
2013,11,NO,23
2013,11,SF,20
2013,11,SEA,41
2013,11,MIN,20
2013,11,NYG,27
2013,11,GB,13
2013,11,NE,20
2013,11,CAR,24
2013,12,NO,17
2013,12,ATL,13
2013,12,BAL,19
2013,12,NYJ,3
2013,12,CLE,11
2013,12,PIT,27
2013,12,DET,21
2013,12,TB,24
2013,12,GB,26
2013,12,MIN,26
2013,12,HOU,6
2013,12,JAC,13
2013,12,KC,38
2013,12,SD,41
2013,12,MIA,16
2013,12,CAR,20
2013,12,CHI,21
2013,12,STL,42
2013,12,ARI,40
2013,12,IND,11
2013,12,TEN,23
2013,12,OAK,19
2013,12,DAL,24
2013,12,NYG,21
2013,12,DEN,31
2013,12,NE,34
2013,12,WAS,6
2013,12,SF,27
2013,13,DET,40
2013,13,GB,10
2013,13,DAL,31
2013,13,OAK,24
2013,13,BAL,22
2013,13,PIT,20
2013,13,CAR,27
2013,13,TB,6
2013,13,CLE,28
2013,13,JAC,32
2013,13,IND,22
2013,13,TEN,14
2013,13,KC,28
2013,13,DEN,35
2013,13,MIN,23
2013,13,CHI,20
2013,13,NYJ,3
2013,13,MIA,23
2013,13,ARI,21
2013,13,PHI,24
2013,13,BUF,31
2013,13,ATL,34
2013,13,SF,23
2013,13,STL,13
2013,13,NE,34
2013,13,HOU,31
2013,13,SD,10
2013,13,CIN,17
2013,13,WAS,17
2013,13,NYG,24
2013,13,SEA,34
2013,13,NO,7
2013,14,HOU,20
2013,14,JAC,27
2013,14,MIN,26
2013,14,BAL,29
2013,14,CIN,42
2013,14,IND,28
2013,14,NE,27
2013,14,CLE,26
2013,14,NYJ,37
2013,14,OAK,27
2013,14,NO,31
2013,14,CAR,13
2013,14,DET,20
2013,14,PHI,34
2013,14,PIT,28
2013,14,MIA,34
2013,14,TB,27
2013,14,BUF,6
2013,14,KC,45
2013,14,WAS,10
2013,14,TEN,28
2013,14,DEN,51
2013,14,ARI,30
2013,14,STL,10
2013,14,NYG,14
2013,14,SD,37
2013,14,SEA,17
2013,14,SF,19
2013,14,ATL,21
2013,14,GB,22
2013,14,CHI,45
2013,14,DAL,28
2013,15,SD,27
2013,15,DEN,20
2013,15,ATL,27
2013,15,WAS,26
2013,15,CLE,31
2013,15,CHI,38
2013,15,IND,25
2013,15,HOU,3
2013,15,BUF,27
2013,15,JAC,20
2013,15,NE,20
2013,15,MIA,24
2013,15,PHI,30
2013,15,MIN,48
2013,15,SEA,23
2013,15,NYG,0
2013,15,STL,27
2013,15,NO,16
2013,15,TB,14
2013,15,SF,33
2013,15,TEN,34
2013,15,ARI,37
2013,15,NYJ,20
2013,15,CAR,30
2013,15,KC,56
2013,15,OAK,31
2013,15,DAL,36
2013,15,GB,37
2013,15,CIN,20
2013,15,PIT,30
2013,15,DET,16
2013,15,BAL,18
2013,16,MIA,0
2013,16,BUF,19
2013,16,CAR,17
2013,16,NO,13
2013,16,CIN,42
2013,16,MIN,14
2013,16,HOU,13
2013,16,DEN,37
2013,16,TEN,20
2013,16,JAC,16
2013,16,IND,23
2013,16,KC,7
2013,16,CLE,13
2013,16,NYJ,24
2013,16,PHI,54
2013,16,CHI,11
2013,16,TB,13
2013,16,STL,23
2013,16,DAL,24
2013,16,WAS,23
2013,16,NYG,23
2013,16,DET,20
2013,16,ARI,17
2013,16,SEA,10
2013,16,GB,31
2013,16,PIT,38
2013,16,OAK,13
2013,16,SD,26
2013,16,NE,41
2013,16,BAL,7
2013,16,ATL,24
2013,16,SF,34
2013,17,ATL,20
2013,17,CAR,21
2013,17,GB,33
2013,17,CHI,28
2013,17,BAL,17
2013,17,CIN,34
2013,17,DAL,22
2013,17,PHI,24
2013,17,IND,30
2013,17,JAC,10
2013,17,MIA,7
2013,17,NYJ,20
2013,17,MIN,14
2013,17,DET,13
2013,17,BUF,20
2013,17,NE,34
2013,17,TB,17
2013,17,NO,42
2013,17,WAS,6
2013,17,NYG,20
2013,17,PIT,20
2013,17,CLE,7
2013,17,HOU,10
2013,17,TEN,16
2013,17,ARI,20
2013,17,SF,23
2013,17,OAK,14
2013,17,DEN,34
2013,17,KC,24
2013,17,SD,27
2013,17,SEA,27
2013,17,STL,9
