Season,Week,Team,Score
2011,1,GB,42
2011,1,NO,34
2011,1,PIT,7
2011,1,BAL,35
2011,1,CLE,17
2011,1,CIN,27
2011,1,HOU,34
2011,1,IND,7
2011,1,JAC,16
2011,1,TEN,14
2011,1,KC,7
2011,1,BUF,41
2011,1,CHI,30
2011,1,ATL,12
2011,1,TB,20
2011,1,DET,27
2011,1,STL,13
2011,1,PHI,31
2011,1,WAS,28
2011,1,NYG,14
2011,1,ARI,28
2011,1,CAR,21
2011,1,SF,33
2011,1,SEA,17
2011,1,SD,24
2011,1,MIN,17
2011,1,DAL,24
2011,1,NYJ,27
2011,1,NE,38
2011,1,MIA,24
2011,1,OAK,23
2011,1,DEN,20
2011,2,KC,3
2011,2,DET,48
2011,2,OAK,35
2011,2,BUF,38
2011,2,TEN,26
2011,2,BAL,13
2011,2,NYJ,32
2011,2,JAC,3
2011,2,IND,19
2011,2,CLE,27
2011,2,ARI,21
2011,2,WAS,22
2011,2,MIN,20
2011,2,TB,24
2011,2,CAR,23
2011,2,GB,30
2011,2,CHI,13
2011,2,NO,30
2011,2,PIT,24
2011,2,SEA,0
2011,2,SF,24
2011,2,DAL,27
2011,2,SD,21
2011,2,NE,35
2011,2,DEN,24
2011,2,CIN,22
2011,2,MIA,13
2011,2,HOU,23
2011,2,ATL,35
2011,2,PHI,31
2011,2,STL,16
2011,2,NYG,28
2011,3,JAC,10
2011,3,CAR,16
2011,3,HOU,33
2011,3,NO,40
2011,3,NE,31
2011,3,BUF,34
2011,3,MIA,16
2011,3,CLE,17
2011,3,DEN,14
2011,3,TEN,17
2011,3,NYG,29
2011,3,PHI,16
2011,3,DET,26
2011,3,MIN,23
2011,3,CIN,8
2011,3,SF,13
2011,3,OAK,34
2011,3,NYJ,24
2011,3,SD,20
2011,3,KC,17
2011,3,BAL,37
2011,3,STL,7
2011,3,CHI,17
2011,3,GB,27
2011,3,SEA,13
2011,3,ARI,10
2011,3,TB,16
2011,3,ATL,13
2011,3,IND,20
2011,3,PIT,23
2011,3,DAL,18
2011,3,WAS,16
2011,4,CIN,23
2011,4,BUF,20
2011,4,TEN,31
2011,4,CLE,13
2011,4,PIT,10
2011,4,HOU,17
2011,4,DET,34
2011,4,DAL,30
2011,4,SF,24
2011,4,PHI,23
2011,4,CAR,29
2011,4,CHI,34
2011,4,WAS,17
2011,4,STL,10
2011,4,NO,23
2011,4,JAC,10
2011,4,KC,22
2011,4,MIN,17
2011,4,NYG,31
2011,4,ARI,27
2011,4,ATL,30
2011,4,SEA,28
2011,4,DEN,23
2011,4,GB,49
2011,4,NE,31
2011,4,OAK,19
2011,4,SD,26
2011,4,MIA,16
2011,4,BAL,34
2011,4,NYJ,17
2011,4,IND,17
2011,4,TB,24
2011,5,TEN,17
2011,5,PIT,38
2011,5,HOU,20
2011,5,OAK,25
2011,5,KC,28
2011,5,IND,24
2011,5,JAC,20
2011,5,CIN,30
2011,5,NYG,25
2011,5,SEA,36
2011,5,ARI,10
2011,5,MIN,34
2011,5,CAR,27
2011,5,NO,30
2011,5,PHI,24
2011,5,BUF,31
2011,5,SF,48
2011,5,TB,3
2011,5,NE,30
2011,5,NYJ,21
2011,5,SD,29
2011,5,DEN,24
2011,5,ATL,14
2011,5,GB,25
2011,5,DET,24
2011,5,CHI,13
2011,6,NYG,27
2011,6,BUF,24
2011,6,CIN,27
2011,6,IND,17
2011,6,PIT,17
2011,6,JAC,13
2011,6,PHI,20
2011,6,WAS,13
2011,6,DET,19
2011,6,SF,25
2011,6,GB,24
2011,6,STL,3
2011,6,CAR,17
2011,6,ATL,31
2011,6,OAK,24
2011,6,CLE,17
2011,6,HOU,14
2011,6,BAL,29
2011,6,NO,20
2011,6,TB,26
2011,6,DAL,16
2011,6,NE,20
2011,6,MIN,10
2011,6,CHI,39
2011,6,MIA,6
2011,6,NYJ,24
2011,7,DEN,18
2011,7,MIA,15
2011,7,SD,21
2011,7,NYJ,27
2011,7,TEN,7
2011,7,HOU,41
2011,7,ATL,23
2011,7,DET,16
2011,7,WAS,20
2011,7,CAR,33
2011,7,CHI,24
2011,7,TB,18
2011,7,SEA,3
2011,7,CLE,6
2011,7,PIT,32
2011,7,ARI,20
2011,7,KC,28
2011,7,OAK,0
2011,7,MIN,27
2011,7,GB,33
2011,7,STL,7
2011,7,DAL,34
2011,7,IND,7
2011,7,NO,62
2011,7,BAL,7
2011,7,JAC,12
2011,8,MIA,17
2011,8,NYG,20
2011,8,JAC,14
2011,8,HOU,24
2011,8,IND,10
2011,8,TEN,27
2011,8,MIN,24
2011,8,CAR,21
2011,8,STL,31
2011,8,NO,21
2011,8,ARI,27
2011,8,BAL,30
2011,8,DEN,10
2011,8,DET,45
2011,8,WAS,0
2011,8,BUF,23
2011,8,PIT,25
2011,8,NE,17
2011,8,SF,20
2011,8,CLE,10
2011,8,SEA,12
2011,8,CIN,34
2011,8,DAL,7
2011,8,PHI,34
2011,8,SD,20
2011,8,KC,23
2011,9,NYJ,27
2011,9,BUF,11
2011,9,CLE,12
2011,9,HOU,30
2011,9,MIA,31
2011,9,KC,3
2011,9,SEA,13
2011,9,DAL,23
2011,9,SF,19
2011,9,WAS,11
2011,9,NO,27
2011,9,TB,16
2011,9,ATL,31
2011,9,IND,7
2011,9,OAK,24
2011,9,DEN,38
2011,9,CIN,24
2011,9,TEN,17
2011,9,NYG,24
2011,9,NE,20
2011,9,GB,45
2011,9,SD,38
2011,9,ARI,19
2011,9,STL,13
2011,9,BAL,23
2011,9,PIT,20
2011,9,CHI,30
2011,9,PHI,24
2011,10,OAK,24
2011,10,SD,17
2011,10,BUF,7
2011,10,DAL,44
2011,10,TEN,30
2011,10,CAR,3
2011,10,TB,9
2011,10,HOU,37
2011,10,CIN,17
2011,10,PIT,24
2011,10,IND,3
2011,10,JAC,17
2011,10,KC,10
2011,10,DEN,17
2011,10,ARI,21
2011,10,PHI,17
2011,10,DET,13
2011,10,CHI,37
2011,10,ATL,23
2011,10,NO,26
2011,10,MIA,20
2011,10,WAS,9
2011,10,STL,13
2011,10,CLE,12
2011,10,BAL,17
2011,10,SEA,22
2011,10,SF,27
2011,10,NYG,20
2011,10,NE,37
2011,10,NYJ,16
2011,10,MIN,7
2011,10,GB,45
2011,11,DEN,17
2011,11,NYJ,13
2011,11,OAK,27
2011,11,MIN,21
2011,11,ATL,23
2011,11,TEN,17
2011,11,BUF,8
2011,11,MIA,35
2011,11,CLE,14
2011,11,JAC,10
2011,11,CIN,24
2011,11,BAL,31
2011,11,WAS,24
2011,11,DAL,27
2011,11,DET,49
2011,11,CAR,35
2011,11,GB,35
2011,11,TB,26
2011,11,ARI,7
2011,11,SF,23
2011,11,STL,7
2011,11,SEA,24
2011,11,SD,20
2011,11,CHI,31
2011,11,PHI,17
2011,11,NYG,10
2011,11,NE,34
2011,11,KC,3
2011,12,GB,27
2011,12,DET,15
2011,12,MIA,19
2011,12,DAL,20
2011,12,BAL,16
2011,12,SF,6
2011,12,NYJ,28
2011,12,BUF,24
2011,12,CLE,20
2011,12,CIN,23
2011,12,JAC,13
2011,12,HOU,20
2011,12,ATL,24
2011,12,MIN,14
2011,12,STL,20
2011,12,ARI,23
2011,12,IND,19
2011,12,CAR,27
2011,12,TEN,23
2011,12,TB,17
2011,12,SEA,17
2011,12,WAS,23
2011,12,CHI,20
2011,12,OAK,25
2011,12,NE,38
2011,12,PHI,20
2011,12,DEN,16
2011,12,SD,13
2011,12,KC,9
2011,12,PIT,13
2011,12,NYG,24
2011,12,NO,49
2011,13,SEA,31
2011,13,PHI,14
2011,13,WAS,19
2011,13,NYJ,34
2011,13,KC,10
2011,13,CHI,3
2011,13,TEN,23
2011,13,BUF,17
2011,13,OAK,14
2011,13,MIA,34
2011,13,BAL,24
2011,13,CLE,10
2011,13,PIT,35
2011,13,CIN,7
2011,13,NO,31
2011,13,DET,17
2011,13,CAR,38
2011,13,TB,19
2011,13,HOU,17
2011,13,ATL,10
2011,13,MIN,32
2011,13,DEN,35
2011,13,NYG,35
2011,13,GB,38
2011,13,DAL,13
2011,13,ARI,19
2011,13,STL,0
2011,13,SF,26
2011,13,NE,31
2011,13,IND,24
2011,13,SD,38
2011,13,JAC,14
2011,14,CLE,3
2011,14,PIT,14
2011,14,NE,34
2011,14,WAS,27
2011,14,OAK,16
2011,14,GB,46
2011,14,NYJ,37
2011,14,KC,10
2011,14,HOU,20
2011,14,CIN,19
2011,14,BAL,24
2011,14,IND,10
2011,14,DET,34
2011,14,MIN,28
2011,14,CAR,23
2011,14,ATL,31
2011,14,PHI,26
2011,14,MIA,10
2011,14,JAC,41
2011,14,TB,14
2011,14,TEN,17
2011,14,NO,22
2011,14,SF,19
2011,14,ARI,21
2011,14,DEN,13
2011,14,CHI,10
2011,14,SD,37
2011,14,BUF,10
2011,14,NYG,37
2011,14,DAL,34
2011,14,SEA,30
2011,14,STL,13
2011,15,ATL,41
2011,15,JAC,14
2011,15,TB,15
2011,15,DAL,31
2011,15,STL,13
2011,15,CIN,20
2011,15,MIA,30
2011,15,BUF,23
2011,15,IND,27
2011,15,TEN,13
2011,15,WAS,23
2011,15,NYG,10
2011,15,CHI,14
2011,15,SEA,38
2011,15,NO,42
2011,15,MIN,20
2011,15,CAR,28
2011,15,HOU,13
2011,15,KC,19
2011,15,GB,14
2011,15,OAK,27
2011,15,DET,28
2011,15,NYJ,19
2011,15,PHI,45
2011,15,CLE,17
2011,15,ARI,20
2011,15,NE,41
2011,15,DEN,23
2011,15,BAL,14
2011,15,SD,34
2011,15,PIT,3
2011,15,SF,20
2011,16,HOU,16
2011,16,IND,19
2011,16,DEN,14
2011,16,BUF,40
2011,16,NE,27
2011,16,MIA,24
2011,16,CLE,14
2011,16,BAL,20
2011,16,TEN,23
2011,16,JAC,17
2011,16,KC,13
2011,16,OAK,16
2011,16,NYG,29
2011,16,NYJ,14
2011,16,WAS,26
2011,16,MIN,33
2011,16,TB,16
2011,16,CAR,48
2011,16,ARI,16
2011,16,CIN,23
2011,16,STL,0
2011,16,PIT,27
2011,16,SD,10
2011,16,DET,38
2011,16,PHI,20
2011,16,DAL,7
2011,16,SEA,17
2011,16,SF,19
2011,16,CHI,21
2011,16,GB,35
2011,16,ATL,16
2011,16,NO,45
2011,17,NYJ,17
2011,17,MIA,19
2011,17,BUF,21
2011,17,NE,49
2011,17,CIN,16
2011,17,BAL,24
2011,17,PIT,13
2011,17,CLE,9
2011,17,HOU,22
2011,17,TEN,23
2011,17,JAC,19
2011,17,IND,13
2011,17,NYG,31
2011,17,DAL,14
2011,17,PHI,34
2011,17,WAS,10
2011,17,DET,41
2011,17,GB,45
2011,17,CHI,17
2011,17,MIN,13
2011,17,ATL,45
2011,17,TB,24
2011,17,CAR,17
2011,17,NO,45
2011,17,SF,34
2011,17,STL,27
2011,17,DEN,3
2011,17,KC,7
2011,17,SD,38
2011,17,OAK,26
2011,17,SEA,20
2011,17,ARI,23
