Season,Week,Team,Score
2016,1,DEN,21
2016,1,CAR,20
2016,1,TB,31
2016,1,ATL,24
2016,1,BAL,13
2016,1,BUF,7
2016,1,HOU,23
2016,1,CHI,14
2016,1,JAC,23
2016,1,GB,27
2016,1,KC,33
2016,1,SD,27
2016,1,NO,34
2016,1,OAK,35
2016,1,NYJ,22
2016,1,CIN,23
2016,1,PHI,29
2016,1,CLE,10
2016,1,MIN,25
2016,1,TEN,16
2016,1,SEA,12
2016,1,MIA,10
2016,1,DAL,19
2016,1,NYG,20
2016,1,DET,39
2016,1,IND,35
2016,1,ARI,21
2016,1,NE,23
2016,1,PIT,38
2016,1,WAS,16
2016,1,LA,0
2016,1,SF,28
2016,2,NYJ,37
2016,2,BUF,31
2016,2,SF,27
2016,2,CAR,46
2016,2,CLE,20
2016,2,BAL,25
2016,2,DET,15
2016,2,TEN,16
2016,2,HOU,19
2016,2,KC,12
2016,2,NE,31
2016,2,MIA,24
2016,2,NYG,16
2016,2,NO,13
2016,2,PIT,24
2016,2,CIN,16
2016,2,DAL,27
2016,2,WAS,23
2016,2,TB,7
2016,2,ARI,40
2016,2,LA,9
2016,2,SEA,3
2016,2,DEN,34
2016,2,IND,20
2016,2,OAK,28
2016,2,ATL,35
2016,2,JAX,14
2016,2,SD,38
2016,2,MIN,17
2016,2,GB,14
2016,2,PHI,29
2016,2,CHI,14
2016,3,NE,27
2016,3,HOU,0
2016,3,ARI,18
2016,3,BUF,33
2016,3,CAR,10
2016,3,MIN,22
2016,3,CIN,17
2016,3,DEN,29
2016,3,GB,34
2016,3,DET,27
2016,3,JAX,17
2016,3,BAL,19
2016,3,MIA,30
2016,3,CLE,24
2016,3,NYG,27
2016,3,WAS,29
2016,3,TEN,10
2016,3,OAK,17
2016,3,SF,18
2016,3,SEA,37
2016,3,TB,32
2016,3,LA,37
2016,3,PIT,3
2016,3,PHI,34
2016,3,IND,26
2016,3,SD,22
2016,3,KC,24
2016,3,NYJ,3
2016,3,DAL,31
2016,3,CHI,17
2016,3,NO,32
2016,3,ATL,45
2016,4,CIN,22
2016,4,MIA,7
2016,4,IND,27
2016,4,JAX,30
2016,4,ATL,48
2016,4,CAR,33
2016,4,BAL,27
2016,4,OAK,28
2016,4,CHI,17
2016,4,DET,14
2016,4,HOU,27
2016,4,TEN,20
2016,4,BUF,16
2016,4,NE,0
2016,4,SEA,27
2016,4,NYJ,17
2016,4,CLE,20
2016,4,WAS,31
2016,4,TB,7
2016,4,DEN,27
2016,4,LA,17
2016,4,ARI,13
2016,4,NO,35
2016,4,SD,34
2016,4,SF,17
2016,4,DAL,24
2016,4,PIT,43
2016,4,KC,14
2016,4,NYG,10
2016,4,MIN,24
2016,5,ARI,33
2016,5,SF,21
2016,5,BAL,10
2016,5,WAS,16
2016,5,NE,33
2016,5,CLE,13
2016,5,DET,24
2016,5,PHI,23
2016,5,IND,29
2016,5,CHI,23
2016,5,TEN,30
2016,5,MIA,17
2016,5,MIN,31
2016,5,HOU,13
2016,5,PIT,31
2016,5,NYJ,13
2016,5,DEN,16
2016,5,ATL,23
2016,5,DAL,28
2016,5,CIN,14
2016,5,BUF,30
2016,5,LA,19
2016,5,SD,31
2016,5,OAK,34
2016,5,NYG,16
2016,5,GB,23
2016,5,TB,17
2016,5,CAR,14
2016,6,SD,21
2016,6,DEN,13
2016,6,BUF,45
2016,6,SF,16
2016,6,CHI,16
2016,6,JAX,17
2016,6,LA,28
2016,6,DET,31
2016,6,PIT,15
2016,6,MIA,30
2016,6,CIN,17
2016,6,NE,35
2016,6,CAR,38
2016,6,NO,41
2016,6,NYG,27
2016,6,BAL,23
2016,6,TEN,28
2016,6,CLE,26
2016,6,WAS,27
2016,6,PHI,20
2016,6,OAK,10
2016,6,KC,26
2016,6,GB,16
2016,6,DAL,30
2016,6,ATL,24
2016,6,SEA,26
2016,6,HOU,26
2016,6,IND,23
2016,6,ARI,28
2016,6,NYJ,3
2016,7,CHI,10
2016,7,GB,26
2016,7,NYG,17
2016,7,LA,10
2016,7,CIN,31
2016,7,CLE,17
2016,7,DET,20
2016,7,WAS,17
2016,7,JAX,16
2016,7,OAK,33
2016,7,NO,21
2016,7,KC,27
2016,7,BUF,25
2016,7,MIA,28
2016,7,BAL,16
2016,7,NYJ,24
2016,7,MIN,10
2016,7,PHI,21
2016,7,IND,34
2016,7,TEN,26
2016,7,SD,33
2016,7,ATL,30
2016,7,TB,34
2016,7,SF,17
2016,7,NE,27
2016,7,PIT,16
2016,7,SEA,6
2016,7,ARI,6
2016,7,DEN,27
2016,7,HOU,9
2016,8,TEN,36
2016,8,JAX,22
2016,8,CIN,27
2016,8,WAS,27
2016,8,GB,32
2016,8,ATL,33
2016,8,NE,41
2016,8,BUF,25
2016,8,CLE,28
2016,8,NYJ,31
2016,8,HOU,20
2016,8,DET,13
2016,8,KC,30
2016,8,IND,14
2016,8,NO,25
2016,8,SEA,20
2016,8,TB,24
2016,8,OAK,30
2016,8,SD,19
2016,8,DEN,27
2016,8,ARI,20
2016,8,CAR,30
2016,8,DAL,29
2016,8,PHI,23
2016,8,MIN,10
2016,8,CHI,20
2016,9,TB,28
2016,9,ATL,43
2016,9,OAK,30
2016,9,DEN,20
2016,9,PIT,14
2016,9,BAL,21
2016,9,DAL,35
2016,9,CLE,10
2016,9,JAX,14
2016,9,KC,19
2016,9,MIA,27
2016,9,NYJ,23
2016,9,DET,22
2016,9,MIN,16
2016,9,PHI,23
2016,9,NYG,28
2016,9,LA,10
2016,9,CAR,13
2016,9,SF,23
2016,9,NO,41
2016,9,GB,26
2016,9,IND,31
2016,9,SD,43
2016,9,TEN,35
2016,9,BUF,25
2016,9,SEA,31
2016,10,CLE,7
2016,10,BAL,28
2016,10,KC,20
2016,10,CAR,17
2016,10,HOU,24
2016,10,JAX,21
2016,10,DEN,25
2016,10,NO,23
2016,10,LA,9
2016,10,NYJ,6
2016,10,ATL,15
2016,10,PHI,24
2016,10,TB,36
2016,10,CHI,10
2016,10,TEN,47
2016,10,GB,25
2016,10,WAS,26
2016,10,MIN,20
2016,10,SD,24
2016,10,MIA,31
2016,10,ARI,23
2016,10,SF,20
2016,10,DAL,35
2016,10,PIT,30
2016,10,SEA,31
2016,10,NE,24
2016,10,CIN,20
2016,10,NYG,21
2016,11,NO,20
2016,11,CAR,23
2016,11,BUF,16
2016,11,CIN,12
2016,11,PIT,24
2016,11,CLE,9
2016,11,DAL,27
2016,11,BAL,17
2016,11,DET,26
2016,11,JAX,19
2016,11,IND,24
2016,11,TEN,17
2016,11,TB,19
2016,11,KC,17
2016,11,MIN,30
2016,11,ARI,24
2016,11,CHI,16
2016,11,NYG,22
2016,11,LA,10
2016,11,MIA,14
2016,11,NE,30
2016,11,SF,17
2016,11,SEA,26
2016,11,PHI,15
2016,11,GB,24
2016,11,WAS,42
2016,11,OAK,27
2016,11,HOU,20
2016,12,DET,16
2016,12,MIN,13
2016,12,WAS,26
2016,12,DAL,31
2016,12,PIT,28
2016,12,IND,7
2016,12,ARI,19
2016,12,ATL,38
2016,12,CIN,14
2016,12,BAL,19
2016,12,BUF,28
2016,12,JAX,21
2016,12,CHI,21
2016,12,TEN,27
2016,12,NYG,27
2016,12,CLE,13
2016,12,HOU,13
2016,12,SD,21
2016,12,SF,24
2016,12,MIA,31
2016,12,LA,21
2016,12,NO,49
2016,12,SEA,5
2016,12,TB,14
2016,12,KC,30
2016,12,DEN,27
2016,12,OAK,35
2016,12,CAR,32
2016,12,NE,22
2016,12,NYJ,17
2016,12,GB,27
2016,12,PHI,13
2016,13,DAL,17
2016,13,MIN,15
2016,13,KC,29
2016,13,ATL,28
2016,13,BAL,38
2016,13,MIA,6
2016,13,SF,6
2016,13,CHI,26
2016,13,CIN,32
2016,13,PHI,14
2016,13,HOU,13
2016,13,GB,21
2016,13,JAX,10
2016,13,DEN,20
2016,13,LA,10
2016,13,NE,26
2016,13,DET,28
2016,13,NO,13
2016,13,OAK,38
2016,13,BUF,24
2016,13,WAS,23
2016,13,ARI,31
2016,13,NYG,14
2016,13,PIT,24
2016,13,SD,21
2016,13,TB,28
2016,13,CAR,7
2016,13,SEA,40
2016,13,NYJ,10
2016,13,IND,41
2016,14,KC,21
2016,14,OAK,13
2016,14,BUF,20
2016,14,PIT,27
2016,14,CAR,28
2016,14,SD,16
2016,14,CLE,10
2016,14,CIN,23
2016,14,DET,20
2016,14,CHI,17
2016,14,HOU,22
2016,14,IND,17
2016,14,JAX,16
2016,14,MIN,25
2016,14,MIA,26
2016,14,ARI,23
2016,14,PHI,22
2016,14,WAS,27
2016,14,NO,11
2016,14,TB,16
2016,14,TEN,13
2016,14,DEN,10
2016,14,SF,17
2016,14,NYJ,23
2016,14,SEA,10
2016,14,GB,38
2016,14,LA,14
2016,14,ATL,42
2016,14,DAL,7
2016,14,NYG,10
2016,14,NE,30
2016,14,BAL,23
2016,15,LA,3
2016,15,SEA,24
2016,15,MIA,34
2016,15,NYJ,13
2016,15,BAL,27
2016,15,PHI,26
2016,15,BUF,33
2016,15,CLE,13
2016,15,GB,30
2016,15,CHI,27
2016,15,DAL,26
2016,15,TB,20
2016,15,JAX,20
2016,15,HOU,21
2016,15,TEN,19
2016,15,KC,17
2016,15,MIN,6
2016,15,IND,34
2016,15,NYG,17
2016,15,DET,6
2016,15,ARI,41
2016,15,NO,48
2016,15,ATL,41
2016,15,SF,13
2016,15,DEN,3
2016,15,NE,16
2016,15,SD,16
2016,15,OAK,19
2016,15,PIT,24
2016,15,CIN,20
2016,15,CAR,26
2016,15,WAS,15
2016,16,NYG,19
2016,16,PHI,24
2016,16,MIA,34
2016,16,BUF,31
2016,16,CAR,16
2016,16,ATL,33
2016,16,CHI,21
2016,16,WAS,41
2016,16,SD,17
2016,16,CLE,20
2016,16,GB,38
2016,16,MIN,25
2016,16,TEN,17
2016,16,JAX,38
2016,16,NYJ,3
2016,16,NE,41
2016,16,TB,24
2016,16,NO,31
2016,16,OAK,33
2016,16,IND,25
2016,16,SF,22
2016,16,LA,21
2016,16,ARI,34
2016,16,SEA,31
2016,16,HOU,12
2016,16,CIN,10
2016,16,BAL,27
2016,16,PIT,31
2016,16,DEN,10
2016,16,KC,33
2016,16,DET,21
2016,16,DAL,42
2016,17,ATL,38
2016,17,NO,32
2016,17,CIN,27
2016,17,BAL,10
2016,17,DET,24
2016,17,GB,31
2016,17,JAX,20
2016,17,IND,24
2016,17,NE,35
2016,17,MIA,14
2016,17,CHI,10
2016,17,MIN,38
2016,17,NYJ,30
2016,17,BUF,10
2016,17,PHI,27
2016,17,DAL,13
2016,17,PIT,27
2016,17,CLE,24
2016,17,CAR,16
2016,17,TB,17
2016,17,HOU,17
2016,17,TEN,24
2016,17,NYG,19
2016,17,WAS,10
2016,17,DEN,24
2016,17,OAK,6
2016,17,LA,6
2016,17,ARI,44
2016,17,SD,27
2016,17,KC,37
2016,17,SEA,25
2016,17,SF,23
