Season,Week,Team,Score
2010,1,NO,14
2010,1,MIN,9
2010,1,CLE,14
2010,1,TB,17
2010,1,MIA,15
2010,1,BUF,10
2010,1,NE,38
2010,1,CIN,24
2010,1,HOU,34
2010,1,IND,24
2010,1,JAC,24
2010,1,DEN,17
2010,1,TEN,38
2010,1,OAK,13
2010,1,NYG,31
2010,1,CAR,18
2010,1,DET,14
2010,1,CHI,19
2010,1,ARI,17
2010,1,STL,13
2010,1,PIT,15
2010,1,ATL,9
2010,1,GB,27
2010,1,PHI,20
2010,1,SF,6
2010,1,SEA,31
2010,1,WAS,13
2010,1,DAL,7
2010,1,BAL,10
2010,1,NYJ,9
2010,1,SD,14
2010,1,KC,21
2010,2,WAS,27
2010,2,HOU,30
2010,2,BUF,7
2010,2,GB,34
2010,2,MIN,10
2010,2,MIA,14
2010,2,CLE,14
2010,2,KC,16
2010,2,PIT,19
2010,2,TEN,11
2010,2,CHI,27
2010,2,DAL,20
2010,2,PHI,35
2010,2,DET,32
2010,2,ARI,7
2010,2,ATL,41
2010,2,CAR,7
2010,2,TB,20
2010,2,SEA,14
2010,2,DEN,31
2010,2,OAK,16
2010,2,STL,14
2010,2,NYJ,28
2010,2,NE,14
2010,2,BAL,10
2010,2,CIN,15
2010,2,SD,38
2010,2,JAC,13
2010,2,NYG,14
2010,2,IND,38
2010,2,NO,25
2010,2,SF,22
2010,3,TEN,29
2010,3,NYG,10
2010,3,CIN,20
2010,3,CAR,7
2010,3,PIT,38
2010,3,TB,13
2010,3,NE,38
2010,3,BUF,30
2010,3,BAL,24
2010,3,CLE,17
2010,3,MIN,24
2010,3,DET,10
2010,3,NO,24
2010,3,ATL,27
2010,3,WAS,16
2010,3,STL,30
2010,3,HOU,13
2010,3,DAL,27
2010,3,SF,10
2010,3,KC,31
2010,3,JAC,3
2010,3,PHI,28
2010,3,IND,27
2010,3,DEN,13
2010,3,OAK,23
2010,3,ARI,24
2010,3,SEA,27
2010,3,SD,20
2010,3,MIA,23
2010,3,NYJ,31
2010,3,GB,17
2010,3,CHI,20
2010,4,NYJ,38
2010,4,BUF,14
2010,4,CIN,20
2010,4,CLE,23
2010,4,PIT,14
2010,4,BAL,17
2010,4,DEN,26
2010,4,TEN,20
2010,4,GB,28
2010,4,DET,26
2010,4,SF,14
2010,4,ATL,16
2010,4,NO,16
2010,4,CAR,14
2010,4,STL,20
2010,4,SEA,3
2010,4,JAC,31
2010,4,IND,28
2010,4,OAK,24
2010,4,HOU,31
2010,4,PHI,12
2010,4,WAS,17
2010,4,ARI,10
2010,4,SD,41
2010,4,NYG,17
2010,4,CHI,3
2010,4,NE,41
2010,4,MIA,14
2010,5,BUF,26
2010,5,JAC,36
2010,5,DEN,17
2010,5,BAL,31
2010,5,IND,19
2010,5,KC,9
2010,5,WAS,16
2010,5,GB,13
2010,5,STL,6
2010,5,DET,44
2010,5,CHI,23
2010,5,CAR,6
2010,5,TB,24
2010,5,CIN,21
2010,5,ATL,20
2010,5,CLE,10
2010,5,HOU,10
2010,5,NYG,34
2010,5,NO,20
2010,5,ARI,30
2010,5,TEN,34
2010,5,DAL,27
2010,5,SD,27
2010,5,OAK,35
2010,5,PHI,27
2010,5,SF,24
2010,5,NYJ,29
2010,5,MIN,20
2010,6,GB,20
2010,6,MIA,23
2010,6,STL,20
2010,6,SD,17
2010,6,NE,23
2010,6,BAL,20
2010,6,CLE,10
2010,6,PIT,28
2010,6,HOU,35
2010,6,KC,31
2010,6,NYG,28
2010,6,DET,20
2010,6,ATL,17
2010,6,PHI,31
2010,6,CHI,20
2010,6,SEA,23
2010,6,NO,31
2010,6,TB,6
2010,6,DEN,20
2010,6,NYJ,24
2010,6,OAK,9
2010,6,SF,17
2010,6,DAL,21
2010,6,MIN,24
2010,6,IND,27
2010,6,WAS,24
2010,6,TEN,30
2010,6,JAC,3
2010,7,CIN,32
2010,7,ATL,39
2010,7,PIT,23
2010,7,MIA,22
2010,7,BAL,37
2010,7,BUF,34
2010,7,JAC,20
2010,7,KC,42
2010,7,NO,17
2010,7,CLE,30
2010,7,CHI,14
2010,7,WAS,17
2010,7,CAR,23
2010,7,SF,20
2010,7,TB,18
2010,7,STL,17
2010,7,TEN,37
2010,7,PHI,19
2010,7,SEA,22
2010,7,ARI,10
2010,7,SD,20
2010,7,NE,23
2010,7,OAK,59
2010,7,DEN,14
2010,7,MIN,24
2010,7,GB,28
2010,7,DAL,35
2010,7,NYG,41
2010,8,SF,24
2010,8,DEN,16
2010,8,DAL,17
2010,8,JAC,35
2010,8,CIN,14
2010,8,MIA,22
2010,8,KC,13
2010,8,BUF,10
2010,8,DET,37
2010,8,WAS,25
2010,8,STL,20
2010,8,CAR,10
2010,8,NYJ,0
2010,8,GB,9
2010,8,SD,33
2010,8,TEN,25
2010,8,NE,28
2010,8,MIN,18
2010,8,ARI,35
2010,8,TB,38
2010,8,OAK,33
2010,8,SEA,3
2010,8,NO,20
2010,8,PIT,10
2010,8,HOU,17
2010,8,IND,30
2010,9,NYJ,23
2010,9,DET,20
2010,9,MIA,10
2010,9,BAL,26
2010,9,CLE,34
2010,9,NE,14
2010,9,HOU,23
2010,9,SD,29
2010,9,BUF,19
2010,9,CHI,22
2010,9,MIN,27
2010,9,ARI,24
2010,9,ATL,27
2010,9,TB,21
2010,9,NO,34
2010,9,CAR,3
2010,9,SEA,7
2010,9,NYG,41
2010,9,PHI,26
2010,9,IND,24
2010,9,KC,20
2010,9,OAK,23
2010,9,DAL,7
2010,9,GB,45
2010,9,PIT,27
2010,9,CIN,21
2010,10,BAL,21
2010,10,ATL,26
2010,10,TEN,17
2010,10,MIA,29
2010,10,NYJ,26
2010,10,CLE,20
2010,10,CIN,17
2010,10,IND,23
2010,10,HOU,24
2010,10,JAC,31
2010,10,CHI,27
2010,10,MIN,13
2010,10,TB,31
2010,10,CAR,16
2010,10,DET,12
2010,10,BUF,14
2010,10,DEN,49
2010,10,KC,29
2010,10,DAL,33
2010,10,NYG,20
2010,10,ARI,18
2010,10,SEA,36
2010,10,SF,23
2010,10,STL,20
2010,10,NE,39
2010,10,PIT,26
2010,10,WAS,28
2010,10,PHI,59
2010,11,MIA,0
2010,11,CHI,16
2010,11,CAR,13
2010,11,BAL,37
2010,11,HOU,27
2010,11,NYJ,30
2010,11,CIN,31
2010,11,BUF,49
2010,11,OAK,3
2010,11,PIT,35
2010,11,CLE,20
2010,11,JAC,24
2010,11,DET,19
2010,11,DAL,35
2010,11,GB,31
2010,11,MIN,3
2010,11,SEA,19
2010,11,NO,34
2010,11,TEN,16
2010,11,WAS,19
2010,11,KC,31
2010,11,ARI,13
2010,11,STL,17
2010,11,ATL,34
2010,11,SF,0
2010,11,TB,21
2010,11,NE,31
2010,11,IND,28
2010,11,PHI,27
2010,11,NYG,17
2010,11,SD,35
2010,11,DEN,14
2010,12,DET,24
2010,12,NE,45
2010,12,DAL,27
2010,12,NO,30
2010,12,NYJ,26
2010,12,CIN,10
2010,12,NYG,24
2010,12,JAC,20
2010,12,PIT,19
2010,12,BUF,16
2010,12,TEN,0
2010,12,HOU,20
2010,12,MIN,17
2010,12,WAS,13
2010,12,CHI,31
2010,12,PHI,26
2010,12,ATL,20
2010,12,GB,17
2010,12,BAL,17
2010,12,TB,10
2010,12,CAR,23
2010,12,CLE,24
2010,12,SEA,24
2010,12,KC,42
2010,12,OAK,17
2010,12,MIA,33
2010,12,DEN,33
2010,12,STL,36
2010,12,SD,36
2010,12,IND,14
2010,12,ARI,6
2010,12,SF,27
2010,13,HOU,24
2010,13,PHI,34
2010,13,BUF,14
2010,13,MIN,38
2010,13,CLE,13
2010,13,MIA,10
2010,13,TEN,6
2010,13,JAC,17
2010,13,DEN,6
2010,13,KC,10
2010,13,NYG,31
2010,13,WAS,7
2010,13,DET,20
2010,13,CHI,24
2010,13,SF,16
2010,13,GB,34
2010,13,TB,24
2010,13,ATL,28
2010,13,NO,34
2010,13,CIN,30
2010,13,OAK,28
2010,13,SD,13
2010,13,IND,35
2010,13,DAL,38
2010,13,STL,19
2010,13,ARI,6
2010,13,CAR,14
2010,13,SEA,31
2010,13,BAL,10
2010,13,PIT,13
2010,13,NE,45
2010,13,NYJ,3
2010,14,IND,30
2010,14,TEN,28
2010,14,NE,36
2010,14,CHI,7
2010,14,BUF,13
2010,14,CLE,6
2010,14,PIT,23
2010,14,CIN,7
2010,14,OAK,31
2010,14,JAC,38
2010,14,WAS,16
2010,14,TB,17
2010,14,DET,7
2010,14,GB,3
2010,14,ATL,31
2010,14,CAR,10
2010,14,NO,31
2010,14,STL,13
2010,14,SEA,21
2010,14,SF,40
2010,14,MIA,10
2010,14,NYJ,6
2010,14,DEN,13
2010,14,ARI,43
2010,14,KC,0
2010,14,SD,31
2010,14,DAL,27
2010,14,PHI,30
2010,14,BAL,34
2010,14,HOU,28
2010,14,MIN,3
2010,14,NYG,21
2010,15,SF,7
2010,15,SD,34
2010,15,KC,27
2010,15,STL,13
2010,15,MIA,14
2010,15,BUF,17
2010,15,CLE,17
2010,15,CIN,19
2010,15,IND,34
2010,15,JAC,24
2010,15,TEN,31
2010,15,HOU,17
2010,15,DAL,33
2010,15,WAS,30
2010,15,NYG,31
2010,15,PHI,38
2010,15,CAR,19
2010,15,ARI,12
2010,15,TB,20
2010,15,DET,23
2010,15,BAL,30
2010,15,NO,24
2010,15,SEA,18
2010,15,ATL,34
2010,15,NYJ,22
2010,15,PIT,17
2010,15,OAK,39
2010,15,DEN,23
2010,15,NE,31
2010,15,GB,27
2010,15,MIN,14
2010,15,CHI,40
2010,16,PIT,27
2010,16,CAR,3
2010,16,DAL,26
2010,16,ARI,27
2010,16,CHI,38
2010,16,NYJ,34
2010,16,BUF,3
2010,16,NE,34
2010,16,BAL,20
2010,16,CLE,10
2010,16,TEN,14
2010,16,KC,34
2010,16,SEA,15
2010,16,TB,38
2010,16,SF,17
2010,16,STL,25
2010,16,DET,34
2010,16,MIA,27
2010,16,WAS,20
2010,16,JAC,17
2010,16,HOU,23
2010,16,DEN,24
2010,16,IND,31
2010,16,OAK,26
2010,16,NYG,17
2010,16,GB,45
2010,16,SD,20
2010,16,CIN,34
2010,16,NO,17
2010,16,ATL,14
2010,16,PHI,14
2010,16,MIN,24
2010,17,NE,38
2010,17,MIA,7
2010,17,BUF,7
2010,17,NYJ,38
2010,17,BAL,13
2010,17,CIN,7
2010,17,CLE,9
2010,17,PIT,41
2010,17,HOU,34
2010,17,JAC,17
2010,17,IND,23
2010,17,TEN,20
2010,17,OAK,31
2010,17,KC,10
2010,17,PHI,13
2010,17,DAL,14
2010,17,WAS,14
2010,17,NYG,17
2010,17,MIN,13
2010,17,DET,20
2010,17,CHI,3
2010,17,GB,10
2010,17,CAR,10
2010,17,ATL,31
2010,17,NO,13
2010,17,TB,23
2010,17,SD,33
2010,17,DEN,28
2010,17,ARI,7
2010,17,SF,38
2010,17,SEA,16
2010,17,STL,6
