Season,Week,Team,Score
2012,1,NYG,17
2012,1,DAL,24
2012,1,CHI,41
2012,1,IND,21
2012,1,JAC,23
2012,1,MIN,26
2012,1,BUF,28
2012,1,NYJ,48
2012,1,MIA,10
2012,1,HOU,30
2012,1,TEN,13
2012,1,NE,34
2012,1,STL,23
2012,1,DET,27
2012,1,NO,32
2012,1,WAS,40
2012,1,PHI,17
2012,1,CLE,16
2012,1,ATL,40
2012,1,KC,24
2012,1,GB,22
2012,1,SF,30
2012,1,ARI,20
2012,1,SEA,16
2012,1,CAR,10
2012,1,TB,16
2012,1,DEN,31
2012,1,PIT,19
2012,1,CIN,13
2012,1,BAL,44
2012,1,SD,22
2012,1,OAK,14
2012,2,CHI,10
2012,2,GB,23
2012,2,TB,34
2012,2,NYG,41
2012,2,CAR,35
2012,2,NO,27
2012,2,ARI,20
2012,2,NE,18
2012,2,MIN,20
2012,2,IND,23
2012,2,BAL,23
2012,2,PHI,24
2012,2,BUF,35
2012,2,KC,17
2012,2,CLE,27
2012,2,CIN,34
2012,2,JAC,7
2012,2,HOU,27
2012,2,SEA,27
2012,2,DAL,7
2012,2,STL,31
2012,2,WAS,28
2012,2,NYJ,10
2012,2,PIT,27
2012,2,TEN,10
2012,2,SD,38
2012,2,OAK,13
2012,2,MIA,35
2012,2,DET,19
2012,2,SF,27
2012,2,DEN,21
2012,2,ATL,27
2012,3,CAR,7
2012,3,NYG,36
2012,3,DAL,16
2012,3,TB,10
2012,3,STL,6
2012,3,CHI,23
2012,3,MIN,24
2012,3,SF,13
2012,3,TEN,44
2012,3,DET,41
2012,3,CIN,38
2012,3,WAS,31
2012,3,NO,24
2012,3,KC,27
2012,3,NYJ,23
2012,3,MIA,20
2012,3,CLE,14
2012,3,BUF,24
2012,3,IND,17
2012,3,JAC,22
2012,3,ARI,27
2012,3,PHI,6
2012,3,SD,3
2012,3,ATL,27
2012,3,DEN,25
2012,3,HOU,31
2012,3,OAK,34
2012,3,PIT,31
2012,3,NE,30
2012,3,BAL,31
2012,3,SEA,14
2012,3,GB,12
2012,4,BAL,23
2012,4,CLE,16
2012,4,BUF,28
2012,4,NE,52
2012,4,HOU,38
2012,4,TEN,14
2012,4,SD,37
2012,4,KC,20
2012,4,MIN,20
2012,4,DET,13
2012,4,CAR,28
2012,4,ATL,30
2012,4,SEA,13
2012,4,STL,19
2012,4,NYJ,0
2012,4,SF,34
2012,4,ARI,24
2012,4,MIA,21
2012,4,DEN,37
2012,4,OAK,6
2012,4,CIN,27
2012,4,JAC,10
2012,4,NO,27
2012,4,GB,28
2012,4,TB,22
2012,4,WAS,24
2012,4,PHI,19
2012,4,NYG,17
2012,4,DAL,18
2012,4,CHI,34
2012,5,ARI,3
2012,5,STL,17
2012,5,WAS,17
2012,5,ATL,24
2012,5,PIT,16
2012,5,PHI,14
2012,5,IND,30
2012,5,GB,27
2012,5,NYG,41
2012,5,CLE,27
2012,5,TEN,7
2012,5,MIN,30
2012,5,MIA,17
2012,5,CIN,13
2012,5,BAL,9
2012,5,KC,6
2012,5,SEA,16
2012,5,CAR,12
2012,5,CHI,41
2012,5,JAC,3
2012,5,DEN,21
2012,5,NE,31
2012,5,BUF,3
2012,5,SF,45
2012,5,NO,31
2012,5,SD,24
2012,5,NYJ,17
2012,5,HOU,23
2012,6,PIT,23
2012,6,TEN,26
2012,6,OAK,20
2012,6,ATL,23
2012,6,TB,38
2012,6,KC,10
2012,6,NYJ,35
2012,6,IND,9
2012,6,CLE,34
2012,6,CIN,24
2012,6,PHI,23
2012,6,DET,26
2012,6,STL,14
2012,6,MIA,17
2012,6,DAL,29
2012,6,BAL,31
2012,6,BUF,19
2012,6,ARI,16
2012,6,NE,23
2012,6,SEA,24
2012,6,NYG,26
2012,6,SF,3
2012,6,MIN,26
2012,6,WAS,38
2012,6,HOU,24
2012,6,GB,42
2012,6,DEN,35
2012,6,SD,24
2012,7,SF,13
2012,7,SEA,6
2012,7,WAS,23
2012,7,NYG,27
2012,7,ARI,14
2012,7,MIN,21
2012,7,DAL,19
2012,7,CAR,14
2012,7,NO,35
2012,7,TB,28
2012,7,GB,30
2012,7,STL,20
2012,7,BAL,13
2012,7,HOU,43
2012,7,IND,17
2012,7,CLE,13
2012,7,TEN,35
2012,7,BUF,34
2012,7,NE,29
2012,7,NYJ,26
2012,7,OAK,26
2012,7,JAC,23
2012,7,PIT,24
2012,7,CIN,17
2012,7,CHI,13
2012,7,DET,7
2012,8,TB,36
2012,8,MIN,17
2012,8,JAC,15
2012,8,GB,24
2012,8,NYJ,9
2012,8,MIA,30
2012,8,CLE,7
2012,8,SD,6
2012,8,IND,19
2012,8,TEN,13
2012,8,NE,45
2012,8,STL,7
2012,8,PHI,17
2012,8,ATL,30
2012,8,CHI,23
2012,8,CAR,22
2012,8,SEA,24
2012,8,DET,28
2012,8,PIT,27
2012,8,WAS,12
2012,8,OAK,26
2012,8,KC,16
2012,8,DAL,24
2012,8,NYG,29
2012,8,DEN,34
2012,8,NO,14
2012,8,ARI,3
2012,8,SF,24
2012,9,SD,31
2012,9,KC,13
2012,9,WAS,13
2012,9,CAR,21
2012,9,ARI,17
2012,9,GB,31
2012,9,DET,31
2012,9,JAC,14
2012,9,CHI,51
2012,9,TEN,20
2012,9,CIN,23
2012,9,DEN,31
2012,9,BAL,25
2012,9,CLE,15
2012,9,BUF,9
2012,9,HOU,21
2012,9,MIA,20
2012,9,IND,23
2012,9,MIN,20
2012,9,SEA,30
2012,9,OAK,32
2012,9,TB,42
2012,9,PIT,24
2012,9,NYG,20
2012,9,DAL,13
2012,9,ATL,19
2012,9,NO,28
2012,9,PHI,13
2012,10,JAC,10
2012,10,IND,27
2012,10,CAR,14
2012,10,DEN,36
2012,10,TB,34
2012,10,SD,24
2012,10,MIA,3
2012,10,TEN,37
2012,10,NE,37
2012,10,BUF,31
2012,10,BAL,55
2012,10,OAK,20
2012,10,CIN,31
2012,10,NYG,13
2012,10,NO,31
2012,10,ATL,27
2012,10,DET,24
2012,10,MIN,34
2012,10,SEA,28
2012,10,NYJ,7
2012,10,PHI,23
2012,10,DAL,38
2012,10,STL,24
2012,10,SF,24
2012,10,CHI,6
2012,10,HOU,13
2012,10,KC,13
2012,10,PIT,16
2012,11,MIA,14
2012,11,BUF,19
2012,11,PHI,6
2012,11,WAS,31
2012,11,GB,24
2012,11,DET,20
2012,11,ATL,23
2012,11,ARI,19
2012,11,CAR,21
2012,11,TB,27
2012,11,DAL,23
2012,11,CLE,20
2012,11,NYJ,27
2012,11,STL,13
2012,11,IND,24
2012,11,NE,59
2012,11,JAC,37
2012,11,HOU,43
2012,11,CIN,28
2012,11,KC,6
2012,11,NO,38
2012,11,OAK,17
2012,11,DEN,30
2012,11,SD,23
2012,11,BAL,13
2012,11,PIT,10
2012,11,CHI,7
2012,11,SF,32
2012,12,DET,31
2012,12,HOU,34
2012,12,DAL,31
2012,12,WAS,38
2012,12,NYJ,19
2012,12,NE,49
2012,12,CIN,34
2012,12,OAK,10
2012,12,PIT,14
2012,12,CLE,20
2012,12,BUF,13
2012,12,IND,20
2012,12,TEN,19
2012,12,JAC,24
2012,12,KC,9
2012,12,DEN,17
2012,12,CHI,28
2012,12,MIN,10
2012,12,TB,23
2012,12,ATL,24
2012,12,MIA,24
2012,12,SEA,21
2012,12,BAL,16
2012,12,SD,13
2012,12,NO,21
2012,12,SF,31
2012,12,ARI,17
2012,12,STL,31
2012,12,GB,10
2012,12,NYG,38
2012,12,PHI,22
2012,12,CAR,30
2012,13,ATL,23
2012,13,NO,13
2012,13,CHI,17
2012,13,SEA,23
2012,13,GB,23
2012,13,MIN,14
2012,13,STL,16
2012,13,SF,13
2012,13,NYJ,7
2012,13,ARI,6
2012,13,KC,27
2012,13,CAR,21
2012,13,IND,35
2012,13,DET,33
2012,13,JAC,18
2012,13,BUF,34
2012,13,MIA,16
2012,13,NE,23
2012,13,TEN,10
2012,13,HOU,24
2012,13,DEN,31
2012,13,TB,23
2012,13,PIT,23
2012,13,BAL,20
2012,13,CLE,20
2012,13,OAK,17
2012,13,CIN,20
2012,13,SD,13
2012,13,DAL,38
2012,13,PHI,33
2012,13,WAS,17
2012,13,NYG,16
2012,14,OAK,13
2012,14,DEN,26
2012,14,WAS,31
2012,14,BAL,28
2012,14,CLE,30
2012,14,KC,7
2012,14,PIT,24
2012,14,SD,34
2012,14,IND,27
2012,14,TEN,23
2012,14,JAC,10
2012,14,NYJ,17
2012,14,MIN,21
2012,14,CHI,14
2012,14,CAR,30
2012,14,ATL,20
2012,14,TB,21
2012,14,PHI,23
2012,14,STL,15
2012,14,BUF,12
2012,14,DAL,20
2012,14,CIN,19
2012,14,SF,27
2012,14,MIA,13
2012,14,NYG,52
2012,14,NO,27
2012,14,SEA,58
2012,14,ARI,0
2012,14,DET,20
2012,14,GB,27
2012,14,NE,42
2012,14,HOU,14
2012,15,PHI,13
2012,15,CIN,34
2012,15,CHI,13
2012,15,GB,21
2012,15,ATL,34
2012,15,NYG,0
2012,15,NO,41
2012,15,TB,0
2012,15,MIN,36
2012,15,STL,22
2012,15,CLE,21
2012,15,WAS,38
2012,15,MIA,24
2012,15,JAC,3
2012,15,BAL,17
2012,15,DEN,34
2012,15,IND,17
2012,15,HOU,29
2012,15,DET,10
2012,15,ARI,38
2012,15,CAR,31
2012,15,SD,7
2012,15,SEA,50
2012,15,BUF,17
2012,15,PIT,24
2012,15,DAL,27
2012,15,KC,0
2012,15,OAK,15
2012,15,SF,41
2012,15,NE,34
2012,15,NYJ,10
2012,15,TEN,14
2012,16,ATL,31
2012,16,DET,18
2012,16,TEN,7
2012,16,GB,55
2012,16,OAK,6
2012,16,CAR,17
2012,16,BUF,10
2012,16,MIA,24
2012,16,CIN,13
2012,16,PIT,10
2012,16,JAC,16
2012,16,NE,23
2012,16,IND,20
2012,16,KC,13
2012,16,NO,34
2012,16,DAL,31
2012,16,PHI,20
2012,16,WAS,27
2012,16,STL,28
2012,16,TB,13
2012,16,NYG,14
2012,16,BAL,33
2012,16,MIN,23
2012,16,HOU,6
2012,16,CLE,12
2012,16,DEN,34
2012,16,CHI,28
2012,16,ARI,13
2012,16,SEA,42
2012,16,SF,13
2012,16,NYJ,17
2012,16,SD,27
2012,17,NYJ,9
2012,17,BUF,28
2012,17,NE,28
2012,17,MIA,0
2012,17,BAL,17
2012,17,CIN,23
2012,17,PIT,24
2012,17,CLE,10
2012,17,IND,28
2012,17,HOU,16
2012,17,TEN,38
2012,17,JAC,20
2012,17,PHI,7
2012,17,NYG,42
2012,17,WAS,28
2012,17,DAL,18
2012,17,DET,24
2012,17,CHI,26
2012,17,GB,34
2012,17,MIN,37
2012,17,TB,22
2012,17,ATL,17
2012,17,CAR,44
2012,17,NO,38
2012,17,DEN,38
2012,17,KC,3
2012,17,SD,24
2012,17,OAK,21
2012,17,ARI,13
2012,17,SF,27
2012,17,SEA,20
2012,17,STL,13
