Season,Week,Team,RecYards
2009,1,PIT,363
2009,1,TEN,244
2009,1,ATL,229
2009,1,MIA,182
2009,1,BAL,312
2009,1,KC,177
2009,1,CAR,138
2009,1,PHI,102
2009,1,CIN,247
2009,1,DEN,243
2009,1,CLE,205
2009,1,MIN,110
2009,1,HOU,166
2009,1,NYJ,272
2009,1,IND,301
2009,1,JAC,122
2009,1,DET,216
2009,1,NO,358
2009,1,DAL,353
2009,1,TB,277
2009,1,ARI,288
2009,1,SF,209
2009,1,NYG,256
2009,1,WAS,211
2009,1,SEA,279
2009,1,STL,191
2009,1,CHI,277
2009,1,GB,184
2009,1,BUF,205
2009,1,NE,378
2009,1,OAK,244
2009,1,SD,252
2009,2,ATL,229
2009,2,CAR,317
2009,2,DET,154
2009,2,MIN,169
2009,2,CIN,185
2009,2,GB,264
2009,2,ARI,270
2009,2,JAC,282
2009,2,KC,241
2009,2,OAK,109
2009,2,NE,216
2009,2,NYJ,169
2009,2,NO,308
2009,2,PHI,391
2009,2,HOU,357
2009,2,TEN,216
2009,2,STL,125
2009,2,WAS,242
2009,2,BUF,230
2009,2,TB,298
2009,2,SEA,224
2009,2,SF,144
2009,2,CHI,236
2009,2,PIT,221
2009,2,CLE,161
2009,2,DEN,263
2009,2,BAL,190
2009,2,SD,436
2009,2,DAL,127
2009,2,NYG,330
2009,2,IND,303
2009,2,MIA,183
2009,3,BAL,352
2009,3,CLE,126
2009,3,CIN,183
2009,3,PIT,276
2009,3,DET,241
2009,3,WAS,306
2009,3,HOU,300
2009,3,JAC,216
2009,3,MIN,301
2009,3,SF,195
2009,3,ATL,194
2009,3,NE,277
2009,3,KC,116
2009,3,PHI,327
2009,3,GB,269
2009,3,STL,187
2009,3,NYG,171
2009,3,TB,58
2009,3,BUF,181
2009,3,NO,172
2009,3,CHI,247
2009,3,SEA,261
2009,3,NYJ,171
2009,3,TEN,170
2009,3,DEN,157
2009,3,OAK,88
2009,3,MIA,146
2009,3,SD,303
2009,3,ARI,339
2009,3,IND,394
2009,3,CAR,219
2009,3,DAL,256
2009,4,CHI,141
2009,4,DET,350
2009,4,CIN,231
2009,4,CLE,270
2009,4,HOU,224
2009,4,OAK,130
2009,4,IND,353
2009,4,SEA,257
2009,4,JAC,323
2009,4,TEN,284
2009,4,KC,125
2009,4,NYG,292
2009,4,BAL,264
2009,4,NE,258
2009,4,TB,106
2009,4,WAS,170
2009,4,BUF,192
2009,4,MIA,115
2009,4,NO,190
2009,4,NYJ,138
2009,4,DAL,255
2009,4,DEN,243
2009,4,SF,152
2009,4,STL,108
2009,4,PIT,339
2009,4,SD,254
2009,4,GB,384
2009,4,MIN,271
2009,5,BAL,186
2009,5,CIN,271
2009,5,BUF,136
2009,5,CLE,23
2009,5,CAR,181
2009,5,WAS,149
2009,5,DET,277
2009,5,PIT,277
2009,5,DAL,351
2009,5,KC,253
2009,5,NYG,263
2009,5,OAK,100
2009,5,PHI,265
2009,5,TB,240
2009,5,MIN,300
2009,5,STL,297
2009,5,ATL,333
2009,5,SF,205
2009,5,ARI,302
2009,5,HOU,371
2009,5,DEN,330
2009,5,NE,218
2009,5,JAC,190
2009,5,SEA,241
2009,5,IND,309
2009,5,TEN,164
2009,5,MIA,262
2009,5,NYJ,173
2009,6,CIN,266
2009,6,HOU,392
2009,6,DET,105
2009,6,GB,358
2009,6,JAC,328
2009,6,STL,213
2009,6,BAL,378
2009,6,MIN,278
2009,6,NO,370
2009,6,NYG,244
2009,6,CLE,122
2009,6,PIT,430
2009,6,CAR,65
2009,6,TB,132
2009,6,KC,186
2009,6,WAS,164
2009,6,OAK,224
2009,6,PHI,269
2009,6,ARI,292
2009,6,SEA,154
2009,6,NE,432
2009,6,TEN,0
2009,6,BUF,188
2009,6,NYJ,119
2009,6,ATL,185
2009,6,CHI,300
2009,6,DEN,229
2009,6,SD,274
2009,7,CHI,255
2009,7,CIN,233
2009,7,CLE,103
2009,7,GB,258
2009,7,HOU,264
2009,7,SF,251
2009,7,KC,100
2009,7,SD,268
2009,7,MIN,344
2009,7,PIT,175
2009,7,IND,235
2009,7,STL,140
2009,7,NE,308
2009,7,TB,172
2009,7,BUF,123
2009,7,CAR,325
2009,7,NYJ,143
2009,7,OAK,158
2009,7,ATL,198
2009,7,DAL,311
2009,7,MIA,213
2009,7,NO,299
2009,7,ARI,231
2009,7,NYG,243
2009,7,PHI,161
2009,7,WAS,284
2009,8,BAL,175
2009,8,DEN,156
2009,8,BUF,117
2009,8,HOU,270
2009,8,CHI,225
2009,8,CLE,85
2009,8,DAL,256
2009,8,SEA,249
2009,8,DET,168
2009,8,STL,212
2009,8,GB,290
2009,8,MIN,244
2009,8,IND,370
2009,8,SF,198
2009,8,MIA,112
2009,8,NYJ,265
2009,8,OAK,109
2009,8,SD,249
2009,8,JAC,139
2009,8,TEN,125
2009,8,ARI,251
2009,8,CAR,90
2009,8,NYG,211
2009,8,PHI,240
2009,8,ATL,296
2009,8,NO,308
2009,9,ATL,135
2009,9,WAS,208
2009,9,ARI,261
2009,9,CHI,369
2009,9,BAL,195
2009,9,CIN,239
2009,9,HOU,311
2009,9,IND,318
2009,9,JAC,264
2009,9,KC,262
2009,9,MIA,220
2009,9,NE,332
2009,9,GB,266
2009,9,TB,205
2009,9,CAR,201
2009,9,NO,330
2009,9,DET,203
2009,9,SEA,344
2009,9,NYG,223
2009,9,SD,209
2009,9,SF,293
2009,9,TEN,172
2009,9,DAL,307
2009,9,PHI,227
2009,9,DEN,221
2009,9,PIT,233
2009,10,CHI,302
2009,10,SF,118
2009,10,ATL,224
2009,10,CAR,195
2009,10,MIA,175
2009,10,TB,199
2009,10,DET,226
2009,10,MIN,344
2009,10,JAC,221
2009,10,NYJ,212
2009,10,CIN,178
2009,10,PIT,176
2009,10,NO,223
2009,10,STL,298
2009,10,BUF,218
2009,10,TEN,210
2009,10,DEN,206
2009,10,WAS,228
2009,10,KC,216
2009,10,OAK,113
2009,10,ARI,340
2009,10,SEA,331
2009,10,DAL,252
2009,10,GB,203
2009,10,PHI,450
2009,10,SD,231
2009,10,IND,327
2009,10,NE,375
2009,10,BAL,155
2009,10,CLE,95
2009,11,CAR,227
2009,11,MIA,172
2009,11,BAL,256
2009,11,IND,302
2009,11,DAL,158
2009,11,WAS,256
2009,11,CLE,314
2009,11,DET,422
2009,11,GB,344
2009,11,SF,227
2009,11,BUF,297
2009,11,JAC,216
2009,11,KC,248
2009,11,PIT,417
2009,11,MIN,290
2009,11,SEA,231
2009,11,ATL,268
2009,11,NYG,384
2009,11,NO,187
2009,11,TB,126
2009,11,ARI,280
2009,11,STL,215
2009,11,DEN,181
2009,11,SD,145
2009,11,NE,322
2009,11,NYJ,136
2009,11,CIN,207
2009,11,OAK,183
2009,11,CHI,171
2009,11,PHI,245
2009,11,HOU,305
2009,11,TEN,116
2009,12,DET,214
2009,12,GB,348
2009,12,DAL,317
2009,12,OAK,200
2009,12,DEN,245
2009,12,NYG,241
2009,12,ATL,258
2009,12,TB,248
2009,12,BUF,258
2009,12,MIA,175
2009,12,CIN,110
2009,12,CLE,118
2009,12,HOU,284
2009,12,IND,244
2009,12,CHI,147
2009,12,MIN,392
2009,12,CAR,140
2009,12,NYJ,154
2009,12,PHI,260
2009,12,WAS,231
2009,12,SEA,102
2009,12,STL,282
2009,12,ARI,227
2009,12,TEN,387
2009,12,KC,181
2009,12,SD,332
2009,12,JAC,307
2009,12,SF,232
2009,12,BAL,289
2009,12,PIT,145
2009,12,NE,254
2009,12,NO,371
2009,13,BUF,90
2009,13,NYJ,117
2009,13,ATL,235
2009,13,PHI,286
2009,13,CAR,161
2009,13,TB,314
2009,13,CHI,143
2009,13,STL,116
2009,13,CIN,220
2009,13,DET,192
2009,13,IND,270
2009,13,TEN,241
2009,13,HOU,240
2009,13,JAC,238
2009,13,DEN,180
2009,13,KC,134
2009,13,OAK,308
2009,13,PIT,278
2009,13,NO,419
2009,13,WAS,369
2009,13,CLE,271
2009,13,SD,394
2009,13,ARI,285
2009,13,MIN,275
2009,13,DAL,392
2009,13,NYG,241
2009,13,SEA,205
2009,13,SF,310
2009,13,MIA,335
2009,13,NE,352
2009,13,BAL,137
2009,13,GB,263
2009,14,CLE,90
2009,14,PIT,201
2009,14,ATL,303
2009,14,NO,299
2009,14,BAL,240
2009,14,DET,135
2009,14,CHI,209
2009,14,GB,180
2009,14,HOU,365
2009,14,SEA,247
2009,14,DEN,270
2009,14,IND,220
2009,14,JAC,139
2009,14,MIA,220
2009,14,BUF,88
2009,14,KC,224
2009,14,CIN,104
2009,14,MIN,192
2009,14,CAR,169
2009,14,NE,204
2009,14,NYJ,157
2009,14,TB,93
2009,14,STL,158
2009,14,TEN,286
2009,14,OAK,267
2009,14,WAS,222
2009,14,DAL,249
2009,14,SD,272
2009,14,NYG,419
2009,14,PHI,307
2009,14,ARI,178
2009,14,SF,144
2009,15,IND,308
2009,15,JAC,223
2009,15,DAL,312
2009,15,NO,298
2009,15,BAL,244
2009,15,CHI,102
2009,15,BUF,177
2009,15,NE,115
2009,15,ARI,233
2009,15,DET,136
2009,15,CLE,66
2009,15,KC,331
2009,15,ATL,152
2009,15,NYJ,226
2009,15,PHI,306
2009,15,SF,177
2009,15,GB,383
2009,15,PIT,496
2009,15,HOU,367
2009,15,STL,173
2009,15,MIA,349
2009,15,TEN,236
2009,15,DEN,278
2009,15,OAK,115
2009,15,CIN,314
2009,15,SD,308
2009,15,SEA,256
2009,15,TB,205
2009,15,CAR,301
2009,15,MIN,224
2009,15,NYG,295
2009,15,WAS,249
2009,16,SD,264
2009,16,TEN,89
2009,16,ATL,250
2009,16,BUF,146
2009,16,CIN,139
2009,16,KC,180
2009,16,CLE,121
2009,16,OAK,333
2009,16,GB,267
2009,16,SEA,198
2009,16,HOU,286
2009,16,MIA,322
2009,16,CAR,171
2009,16,NYG,299
2009,16,JAC,185
2009,16,NE,267
2009,16,NO,258
2009,16,TB,271
2009,16,DEN,212
2009,16,PHI,322
2009,16,BAL,166
2009,16,PIT,259
2009,16,ARI,313
2009,16,STL,171
2009,16,DET,183
2009,16,SF,230
2009,16,IND,236
2009,16,NYJ,106
2009,16,DAL,286
2009,16,WAS,199
2009,16,CHI,273
2009,16,MIN,321
2010,17,BUF,155
2010,17,IND,134
2010,17,CAR,162
2010,17,NO,102
2010,17,CLE,86
2010,17,JAC,202
2010,17,DAL,311
2010,17,PHI,223
2010,17,CHI,276
2010,17,DET,262
2010,17,HOU,303
2010,17,NE,257
2010,17,MIA,223
2010,17,PIT,211
2010,17,MIN,358
2010,17,NYG,167
2010,17,CIN,31
2010,17,NYJ,63
2010,17,SF,222
2010,17,STL,80
2010,17,ATL,223
2010,17,TB,174
2010,17,ARI,139
2010,17,GB,242
2010,17,DEN,431
2010,17,KC,207
2010,17,BAL,102
2010,17,OAK,282
2010,17,SD,315
2010,17,WAS,281
2010,17,SEA,192
2010,17,TEN,171
2010,1,MIN,171
2010,1,NO,237
2010,1,CLE,236
2010,1,TB,182
2010,1,BUF,139
2010,1,MIA,182
2010,1,CIN,345
2010,1,NE,258
2010,1,HOU,107
2010,1,IND,433
2010,1,DEN,295
2010,1,JAC,170
2010,1,OAK,181
2010,1,TEN,152
2010,1,CAR,182
2010,1,NYG,263
2010,1,CHI,375
2010,1,DET,171
2010,1,ARI,298
2010,1,STL,255
2010,1,ATL,252
2010,1,PIT,236
2010,1,GB,188
2010,1,PHI,199
2010,1,SEA,170
2010,1,SF,233
2010,1,DAL,291
2010,1,WAS,171
2010,1,BAL,248
2010,1,NYJ,74
2010,1,KC,68
2010,1,SD,298
2010,2,HOU,497
2010,2,WAS,426
2010,2,BUF,102
2010,2,GB,259
2010,2,MIA,114
2010,2,MIN,225
2010,2,CLE,229
2010,2,KC,176
2010,2,PIT,43
2010,2,TEN,215
2010,2,CHI,277
2010,2,DAL,377
2010,2,DET,335
2010,2,PHI,319
2010,2,ARI,164
2010,2,ATL,225
2010,2,CAR,182
2010,2,TB,181
2010,2,DEN,307
2010,2,SEA,233
2010,2,OAK,249
2010,2,STL,167
2010,2,NE,248
2010,2,NYJ,220
2010,2,BAL,154
2010,2,CIN,167
2010,2,JAC,293
2010,2,SD,334
2010,2,IND,255
2010,2,NYG,161
2010,2,NO,254
2010,2,SF,275
2010,3,NYG,386
2010,3,TEN,118
2010,3,CAR,188
2010,3,CIN,195
2010,3,PIT,186
2010,3,TB,251
2010,3,BUF,247
2010,3,NE,252
2010,3,BAL,256
2010,3,CLE,141
2010,3,DET,244
2010,3,MIN,205
2010,3,ATL,228
2010,3,NO,365
2010,3,STL,205
2010,3,WAS,236
2010,3,DAL,284
2010,3,HOU,241
2010,3,KC,250
2010,3,SF,232
2010,3,JAC,105
2010,3,PHI,291
2010,3,DEN,481
2010,3,IND,325
2010,3,ARI,122
2010,3,OAK,255
2010,3,SD,455
2010,3,SEA,179
2010,3,MIA,363
2010,3,NYJ,256
2010,3,CHI,186
2010,3,GB,320
2010,4,BUF,128
2010,4,NYJ,171
2010,4,CIN,371
2010,4,CLE,185
2010,4,BAL,256
2010,4,PIT,141
2010,4,DEN,341
2010,4,TEN,173
2010,4,DET,331
2010,4,GB,181
2010,4,ATL,273
2010,4,SF,184
2010,4,CAR,146
2010,4,NO,275
2010,4,SEA,215
2010,4,STL,296
2010,4,IND,352
2010,4,JAC,163
2010,4,HOU,192
2010,4,OAK,278
2010,4,PHI,232
2010,4,WAS,125
2010,4,ARI,146
2010,4,SD,249
2010,4,CHI,114
2010,4,NYG,195
2010,4,MIA,317
2010,4,NE,153
2010,5,BUF,220
2010,5,JAC,178
2010,5,BAL,196
2010,5,DEN,314
2010,5,IND,258
2010,5,KC,156
2010,5,GB,293
2010,5,WAS,357
2010,5,DET,264
2010,5,STL,225
2010,5,CAR,96
2010,5,CHI,51
2010,5,CIN,224
2010,5,TB,284
2010,5,ATL,187
2010,5,CLE,246
2010,5,HOU,196
2010,5,NYG,297
2010,5,ARI,174
2010,5,NO,293
2010,5,DAL,406
2010,5,TEN,201
2010,5,OAK,173
2010,5,SD,431
2010,5,PHI,253
2010,5,SF,309
2010,5,MIN,264
2010,5,NYJ,199
2010,6,GB,313
2010,6,MIA,256
2010,6,SD,249
2010,6,STL,198
2010,6,BAL,271
2010,6,NE,296
2010,6,CLE,281
2010,6,PIT,257
2010,6,HOU,305
2010,6,KC,201
2010,6,DET,305
2010,6,NYG,177
2010,6,ATL,250
2010,6,PHI,326
2010,6,CHI,290
2010,6,SEA,242
2010,6,NO,263
2010,6,TB,242
2010,6,DEN,209
2010,6,NYJ,198
2010,6,OAK,83
2010,6,SF,196
2010,6,DAL,217
2010,6,MIN,118
2010,6,IND,307
2010,6,WAS,246
2010,6,JAC,189
2010,6,TEN,171
2010,7,ATL,299
2010,7,CIN,413
2010,7,MIA,257
2010,7,PIT,302
2010,7,BAL,250
2010,7,BUF,397
2010,7,JAC,222
2010,7,KC,193
2010,7,CLE,87
2010,7,NO,349
2010,7,CHI,282
2010,7,WAS,200
2010,7,CAR,309
2010,7,SF,196
2010,7,STL,117
2010,7,TB,217
2010,7,PHI,231
2010,7,TEN,276
2010,7,ARI,132
2010,7,SEA,192
2010,7,NE,159
2010,7,SD,338
2010,7,DEN,198
2010,7,OAK,204
2010,7,GB,295
2010,7,MIN,264
2010,7,DAL,226
2010,7,NYG,306
2010,8,DEN,369
2010,8,SF,196
2010,8,DAL,379
2010,8,JAC,260
2010,8,CIN,156
2010,8,MIA,211
2010,8,BUF,223
2010,8,KC,152
2010,8,DET,212
2010,8,WAS,254
2010,8,CAR,195
2010,8,STL,191
2010,8,GB,170
2010,8,NYJ,254
2010,8,SD,305
2010,8,TEN,305
2010,8,MIN,295
2010,8,NE,240
2010,8,ARI,305
2010,8,TB,278
2010,8,OAK,310
2010,8,SEA,160
2010,8,NO,305
2010,8,PIT,191
2010,8,HOU,200
2010,8,IND,274
2010,9,DET,240
2010,9,NYJ,336
2010,9,BAL,279
2010,9,MIA,231
2010,9,CLE,174
2010,9,NE,224
2010,9,HOU,269
2010,9,SD,295
2010,9,BUF,299
2010,9,CHI,188
2010,9,ARI,196
2010,9,MIN,446
2010,9,ATL,235
2010,9,TB,189
2010,9,CAR,107
2010,9,NO,253
2010,9,NYG,290
2010,9,SEA,113
2010,9,IND,294
2010,9,PHI,218
2010,9,KC,217
2010,9,OAK,229
2010,9,DAL,183
2010,9,GB,289
2010,9,CIN,248
2010,9,PIT,203
2010,10,ATL,316
2010,10,BAL,216
2010,10,MIA,323
2010,10,TEN,143
2010,10,CLE,210
2010,10,NYJ,299
2010,10,CIN,281
2010,10,IND,185
2010,10,HOU,314
2010,10,JAC,342
2010,10,CHI,251
2010,10,MIN,170
2010,10,CAR,191
2010,10,TB,241
2010,10,BUF,146
2010,10,DET,323
2010,10,DEN,299
2010,10,KC,469
2010,10,DAL,327
2010,10,NYG,373
2010,10,ARI,322
2010,10,SEA,391
2010,10,SF,356
2010,10,STL,251
2010,10,NE,350
2010,10,PIT,392
2010,10,PHI,333
2010,10,WAS,295
2010,11,CHI,156
2010,11,MIA,187
2010,11,BAL,301
2010,11,CAR,173
2010,11,HOU,254
2010,11,NYJ,315
2010,11,BUF,316
2010,11,CIN,242
2010,11,OAK,168
2010,11,PIT,275
2010,11,CLE,230
2010,11,JAC,254
2010,11,DAL,148
2010,11,DET,289
2010,11,GB,306
2010,11,MIN,208
2010,11,NO,380
2010,11,SEA,355
2010,11,TEN,227
2010,11,WAS,376
2010,11,ARI,313
2010,11,KC,193
2010,11,ATL,253
2010,11,STL,233
2010,11,SF,148
2010,11,TB,143
2010,11,IND,396
2010,11,NE,186
2010,11,NYG,147
2010,11,PHI,258
2010,11,DEN,217
2010,11,SD,261
2010,12,DET,285
2010,12,NE,341
2010,12,DAL,313
2010,12,NO,358
2010,12,CIN,135
2010,12,NYJ,166
2010,12,JAC,162
2010,12,NYG,234
2010,12,BUF,265
2010,12,PIT,246
2010,12,HOU,178
2010,12,TEN,138
2010,12,MIN,172
2010,12,WAS,211
2010,12,CHI,247
2010,12,PHI,333
2010,12,ATL,197
2010,12,GB,344
2010,12,BAL,359
2010,12,TB,162
2010,12,CAR,195
2010,12,CLE,246
2010,12,KC,236
2010,12,SEA,230
2010,12,MIA,307
2010,12,OAK,252
2010,12,DEN,347
2010,12,STL,308
2010,12,IND,285
2010,12,SD,185
2010,12,ARI,196
2010,12,SF,129
2010,13,HOU,337
2010,13,PHI,301
2010,13,BUF,158
2010,13,MIN,187
2010,13,CLE,217
2010,13,MIA,174
2010,13,JAC,126
2010,13,TEN,169
2010,13,DEN,117
2010,13,KC,205
2010,13,NYG,161
2010,13,WAS,298
2010,13,CHI,234
2010,13,DET,178
2010,13,GB,298
2010,13,SF,194
2010,13,ATL,205
2010,13,TB,183
2010,13,CIN,260
2010,13,NO,313
2010,13,OAK,117
2010,13,SD,281
2010,13,DAL,167
2010,13,IND,365
2010,13,ARI,148
2010,13,STL,187
2010,13,CAR,169
2010,13,SEA,229
2010,13,BAL,266
2010,13,PIT,253
2010,13,NE,326
2010,13,NYJ,164
2010,14,IND,319
2010,14,TEN,244
2010,14,CHI,156
2010,14,NE,369
2010,14,BUF,142
2010,14,CLE,86
2010,14,CIN,178
2010,14,PIT,258
2010,14,JAC,159
2010,14,OAK,344
2010,14,TB,266
2010,14,WAS,228
2010,14,DET,117
2010,14,GB,223
2010,14,ATL,227
2010,14,CAR,107
2010,14,NO,221
2010,14,STL,231
2010,14,SEA,285
2010,14,SF,255
2010,14,MIA,55
2010,14,NYJ,216
2010,14,ARI,143
2010,14,DEN,155
2010,14,KC,48
2010,14,SD,226
2010,14,DAL,242
2010,14,PHI,270
2010,14,BAL,235
2010,14,HOU,393
2010,14,MIN,126
2010,14,NYG,187
2010,15,SD,273
2010,15,SF,165
2010,15,KC,184
2010,15,STL,193
2010,15,BUF,223
2010,15,MIA,276
2010,15,CIN,209
2010,15,CLE,243
2010,15,IND,229
2010,15,JAC,289
2010,15,HOU,321
2010,15,TEN,237
2010,15,DAL,305
2010,15,WAS,322
2010,15,NYG,289
2010,15,PHI,244
2010,15,ARI,196
2010,15,CAR,141
2010,15,DET,252
2010,15,TB,252
2010,15,BAL,172
2010,15,NO,267
2010,15,ATL,174
2010,15,SEA,154
2010,15,NYJ,170
2010,15,PIT,264
2010,15,DEN,138
2010,15,OAK,241
2010,15,GB,251
2010,15,NE,163
2010,15,CHI,197
2010,15,MIN,195
2010,16,CAR,77
2010,16,PIT,328
2010,16,ARI,183
2010,16,DAL,230
2010,16,CHI,215
2010,16,NYJ,269
2010,16,BUF,251
2010,16,NE,140
2010,16,BAL,102
2010,16,CLE,183
2010,16,KC,312
2010,16,TEN,235
2010,16,SEA,90
2010,16,TB,256
2010,16,SF,273
2010,16,STL,295
2010,16,DET,222
2010,16,MIA,278
2010,16,JAC,299
2010,16,WAS,182
2010,16,DEN,308
2010,16,HOU,310
2010,16,IND,179
2010,16,OAK,231
2010,16,GB,404
2010,16,NYG,301
2010,16,CIN,269
2010,16,SD,256
2010,16,ATL,148
2010,16,NO,302
2010,16,MIN,197
2010,16,PHI,263
2011,17,MIA,240
2011,17,NE,321
2011,17,BUF,130
2011,17,NYJ,119
2011,17,BAL,125
2011,17,CIN,298
2011,17,CLE,221
2011,17,PIT,325
2011,17,HOU,253
2011,17,JAC,140
2011,17,IND,264
2011,17,TEN,300
2011,17,KC,142
2011,17,OAK,160
2011,17,DAL,127
2011,17,PHI,165
2011,17,NYG,243
2011,17,WAS,336
2011,17,DET,258
2011,17,MIN,148
2011,17,CHI,168
2011,17,GB,229
2011,17,ATL,256
2011,17,CAR,182
2011,17,NO,212
2011,17,TB,255
2011,17,DEN,205
2011,17,SD,313
2011,17,ARI,242
2011,17,SF,276
2011,17,SEA,201
2011,17,STL,155
2011,1,GB,312
2011,1,NO,419
2011,1,BAL,224
2011,1,PIT,281
2011,1,CIN,173
2011,1,CLE,213
2011,1,HOU,220
2011,1,IND,197
2011,1,JAC,175
2011,1,TEN,263
2011,1,BUF,208
2011,1,KC,138
2011,1,ATL,319
2011,1,CHI,310
2011,1,DET,305
2011,1,TB,268
2011,1,PHI,187
2011,1,STL,212
2011,1,NYG,268
2011,1,WAS,317
2011,1,ARI,309
2011,1,CAR,463
2011,1,SEA,197
2011,1,SF,124
2011,1,MIN,39
2011,1,SD,335
2011,1,DAL,352
2011,1,NYJ,335
2011,1,MIA,416
2011,1,NE,518
2011,1,DEN,304
2011,1,OAK,105
2011,2,DET,322
2011,2,KC,149
2011,2,BUF,264
2011,2,OAK,323
2011,2,BAL,197
2011,2,TEN,358
2011,2,JAC,111
2011,2,NYJ,182
2011,2,CLE,213
2011,2,IND,191
2011,2,ARI,251
2011,2,WAS,291
2011,2,MIN,214
2011,2,TB,243
2011,2,CAR,432
2011,2,GB,308
2011,2,CHI,244
2011,2,NO,270
2011,2,PIT,313
2011,2,SEA,159
2011,2,DAL,432
2011,2,SF,189
2011,2,NE,423
2011,2,SD,378
2011,2,CIN,332
2011,2,DEN,195
2011,2,HOU,230
2011,2,MIA,170
2011,2,ATL,223
2011,2,PHI,314
2011,2,NYG,200
2011,2,STL,317
2011,3,CAR,213
2011,3,JAC,139
2011,3,HOU,373
2011,3,NO,370
2011,3,BUF,370
2011,3,NE,387
2011,3,CLE,210
2011,3,MIA,255
2011,3,DEN,173
2011,3,TEN,312
2011,3,NYG,254
2011,3,PHI,211
2011,3,DET,378
2011,3,MIN,211
2011,3,CIN,157
2011,3,SF,201
2011,3,NYJ,369
2011,3,OAK,161
2011,3,KC,176
2011,3,SD,266
2011,3,BAL,389
2011,3,STL,166
2011,3,CHI,302
2011,3,GB,297
2011,3,ARI,252
2011,3,SEA,171
2011,3,ATL,330
2011,3,TB,177
2011,3,IND,153
2011,3,PIT,364
2011,3,DAL,264
2011,3,WAS,250
2011,4,BUF,199
2011,4,CIN,298
2011,4,CLE,359
2011,4,TEN,220
2011,4,HOU,138
2011,4,PIT,206
2011,4,DAL,365
2011,4,DET,240
2011,4,PHI,432
2011,4,SF,291
2011,4,CAR,374
2011,4,CHI,102
2011,4,STL,164
2011,4,WAS,143
2011,4,JAC,196
2011,4,NO,351
2011,4,KC,260
2011,4,MIN,202
2011,4,ARI,237
2011,4,NYG,322
2011,4,ATL,303
2011,4,SEA,338
2011,4,DEN,273
2011,4,GB,408
2011,4,NE,226
2011,4,OAK,344
2011,4,MIA,194
2011,4,SD,307
2011,4,BAL,163
2011,4,NYJ,119
2011,4,IND,281
2011,4,TB,287
2011,5,PIT,261
2011,5,TEN,235
2011,5,HOU,416
2011,5,OAK,213
2011,5,IND,277
2011,5,KC,257
2011,5,CIN,179
2011,5,JAC,214
2011,5,NYG,420
2011,5,SEA,319
2011,5,ARI,254
2011,5,MIN,169
2011,5,CAR,241
2011,5,NO,359
2011,5,BUF,193
2011,5,PHI,316
2011,5,SF,205
2011,5,TB,196
2011,5,NE,248
2011,5,NYJ,188
2011,5,DEN,113
2011,5,SD,250
2011,5,ATL,188
2011,5,GB,396
2011,5,CHI,249
2011,5,DET,232
2011,6,BUF,235
2011,6,NYG,293
2011,6,CIN,242
2011,6,IND,191
2011,6,JAC,109
2011,6,PIT,200
2011,6,PHI,237
2011,6,WAS,260
2011,6,DET,293
2011,6,SF,125
2011,6,GB,310
2011,6,STL,321
2011,6,ATL,163
2011,6,CAR,240
2011,6,CLE,215
2011,6,OAK,187
2011,6,BAL,305
2011,6,HOU,224
2011,6,NO,391
2011,6,TB,303
2011,6,DAL,317
2011,6,NE,288
2011,6,CHI,267
2011,6,MIN,276
2011,6,MIA,210
2011,6,NYJ,201
2011,7,DEN,161
2011,7,MIA,197
2011,7,NYJ,173
2011,7,SD,179
2011,7,HOU,296
2011,7,TEN,116
2011,7,ATL,218
2011,7,DET,183
2011,7,CAR,256
2011,7,WAS,280
2011,7,CHI,226
2011,7,TB,264
2011,7,CLE,178
2011,7,SEA,97
2011,7,ARI,272
2011,7,PIT,361
2011,7,KC,162
2011,7,OAK,177
2011,7,GB,335
2011,7,MIN,220
2011,7,DAL,166
2011,7,STL,200
2011,7,IND,102
2011,7,NO,325
2011,7,BAL,138
2011,7,JAC,93
2011,8,MIA,138
2011,8,NYG,349
2011,8,HOU,225
2011,8,JAC,97
2011,8,IND,250
2011,8,TEN,224
2011,8,CAR,291
2011,8,MIN,224
2011,8,NO,269
2011,8,STL,192
2011,8,ARI,153
2011,8,BAL,336
2011,8,DEN,172
2011,8,DET,272
2011,8,BUF,262
2011,8,WAS,208
2011,8,NE,198
2011,8,PIT,365
2011,8,CLE,226
2011,8,SF,177
2011,8,CIN,168
2011,8,SEA,373
2011,8,DAL,231
2011,8,PHI,279
2011,8,KC,261
2011,8,SD,369
2011,9,BUF,191
2011,9,NYJ,230
2011,9,CLE,146
2011,9,HOU,119
2011,9,KC,253
2011,9,MIA,238
2011,9,DAL,282
2011,9,SEA,221
2011,9,SF,200
2011,9,WAS,254
2011,9,NO,258
2011,9,TB,281
2011,9,ATL,275
2011,9,IND,118
2011,9,DEN,124
2011,9,OAK,332
2011,9,CIN,217
2011,9,TEN,281
2011,9,NE,340
2011,9,NYG,250
2011,9,GB,247
2011,9,SD,385
2011,9,ARI,222
2011,9,STL,255
2011,9,BAL,311
2011,9,PIT,336
2011,9,CHI,210
2011,9,PHI,213
2011,10,OAK,299
2011,10,SD,307
2011,10,BUF,131
2011,10,DAL,270
2011,10,CAR,212
2011,10,TEN,219
2011,10,HOU,242
2011,10,TB,170
2011,10,CIN,170
2011,10,PIT,245
2011,10,IND,161
2011,10,JAC,118
2011,10,DEN,69
2011,10,KC,140
2011,10,ARI,315
2011,10,PHI,128
2011,10,CHI,123
2011,10,DET,337
2011,10,ATL,353
2011,10,NO,322
2011,10,MIA,209
2011,10,WAS,215
2011,10,CLE,218
2011,10,STL,155
2011,10,BAL,256
2011,10,SEA,219
2011,10,NYG,304
2011,10,SF,242
2011,10,NE,331
2011,10,NYJ,306
2011,10,GB,288
2011,10,MIN,190
2011,11,DEN,104
2011,11,NYJ,259
2011,11,MIN,213
2011,11,OAK,164
2011,11,ATL,316
2011,11,TEN,238
2011,11,BUF,222
2011,11,MIA,160
2011,11,CLE,148
2011,11,JAC,210
2011,11,BAL,270
2011,11,CIN,382
2011,11,DAL,292
2011,11,WAS,294
2011,11,CAR,280
2011,11,DET,335
2011,11,GB,299
2011,11,TB,342
2011,11,ARI,163
2011,11,SF,267
2011,11,SEA,203
2011,11,STL,198
2011,11,CHI,286
2011,11,SD,280
2011,11,NYG,264
2011,11,PHI,258
2011,11,KC,236
2011,11,NE,234
2011,12,DET,276
2011,12,GB,307
2011,12,DAL,226
2011,12,MIA,288
2011,12,BAL,161
2011,12,SF,140
2011,12,BUF,264
2011,12,NYJ,180
2011,12,CIN,270
2011,12,CLE,151
2011,12,HOU,127
2011,12,JAC,198
2011,12,ATL,262
2011,12,MIN,192
2011,12,ARI,114
2011,12,STL,203
2011,12,CAR,212
2011,12,IND,226
2011,12,TB,199
2011,12,TEN,160
2011,12,SEA,144
2011,12,WAS,314
2011,12,CHI,254
2011,12,OAK,316
2011,12,NE,361
2011,12,PHI,400
2011,12,DEN,144
2011,12,SD,188
2011,12,KC,167
2011,12,PIT,193
2011,12,NO,372
2011,12,NYG,406
2011,13,PHI,208
2011,13,SEA,190
2011,13,NYJ,165
2011,13,WAS,248
2011,13,CHI,133
2011,13,KC,157
2011,13,BUF,288
2011,13,TEN,140
2011,13,MIA,162
2011,13,OAK,273
2011,13,BAL,158
2011,13,CLE,203
2011,13,CIN,152
2011,13,PIT,176
2011,13,DET,675
2011,13,NO,641
2011,13,CAR,231
2011,13,TB,229
2011,13,ATL,267
2011,13,HOU,188
2011,13,DEN,213
2011,13,MIN,389
2011,13,GB,369
2011,13,NYG,347
2011,13,ARI,247
2011,13,DAL,299
2011,13,SF,274
2011,13,STL,156
2011,13,IND,353
2011,13,NE,293
2011,13,JAC,195
2011,13,SD,294
2011,14,CLE,222
2011,14,PIT,299
2011,14,NE,357
2011,14,WAS,301
2011,14,GB,62
2011,14,OAK,195
2011,14,KC,195
2011,14,NYJ,181
2011,14,CIN,189
2011,14,HOU,305
2011,14,BAL,227
2011,14,IND,136
2011,14,DET,227
2011,14,MIN,199
2011,14,ATL,320
2011,14,CAR,276
2011,14,MIA,155
2011,14,PHI,208
2011,14,JAC,217
2011,14,TB,190
2011,14,NO,343
2011,14,TEN,318
2011,14,ARI,284
2011,14,SF,175
2011,14,CHI,115
2011,14,DEN,236
2011,14,BUF,195
2011,14,SD,240
2011,14,DAL,321
2011,14,NYG,400
2011,14,SEA,224
2011,14,STL,193
2011,15,ATL,280
2011,15,JAC,141
2011,15,DAL,249
2011,15,TB,148
2011,15,CIN,179
2011,15,STL,229
2011,15,BUF,318
2011,15,MIA,217
2011,15,IND,82
2011,15,TEN,375
2011,15,NYG,259
2011,15,WAS,185
2011,15,CHI,125
2011,15,SEA,227
2011,15,MIN,120
2011,15,NO,412
2011,15,CAR,160
2011,15,HOU,212
2011,15,GB,235
2011,15,KC,299
2011,15,DET,391
2011,15,OAK,367
2011,15,NYJ,177
2011,15,PHI,274
2011,15,ARI,331
2011,15,CLE,226
2011,15,DEN,190
2011,15,NE,320
2011,15,BAL,244
2011,15,SD,270
2011,15,PIT,330
2011,15,SF,187
2011,16,HOU,132
2011,16,IND,244
2011,16,BUF,196
2011,16,DEN,185
2011,16,MIA,300
2011,16,NE,304
2011,16,BAL,132
2011,16,CLE,147
2011,16,JAC,198
2011,16,TEN,350
2011,16,KC,300
2011,16,OAK,237
2011,16,NYG,225
2011,16,NYJ,257
2011,16,MIN,152
2011,16,WAS,284
2011,16,CAR,171
2011,16,TB,274
2011,16,ARI,297
2011,16,CIN,154
2011,16,PIT,209
2011,16,STL,113
2011,16,DET,373
2011,16,SD,299
2011,16,DAL,182
2011,16,PHI,294
2011,16,SEA,163
2011,16,SF,179
2011,16,CHI,261
2011,16,GB,283
2011,16,ATL,425
2011,16,NO,307
2012,17,MIA,135
2012,17,NYJ,248
2012,17,BUF,307
2012,17,NE,360
2012,17,BAL,130
2012,17,CIN,232
2012,17,CLE,177
2012,17,PIT,221
2012,17,HOU,258
2012,17,TEN,297
2012,17,IND,264
2012,17,JAC,92
2012,17,DAL,289
2012,17,NYG,346
2012,17,PHI,335
2012,17,WAS,267
2012,17,DET,520
2012,17,GB,480
2012,17,CHI,159
2012,17,MIN,228
2012,17,ATL,177
2012,17,TB,277
2012,17,CAR,158
2012,17,NO,409
2012,17,SF,233
2012,17,STL,226
2012,17,DEN,60
2012,17,KC,180
2012,17,OAK,417
2012,17,SD,310
2012,17,ARI,271
2012,17,SEA,222
2012,1,DAL,307
2012,1,NYG,213
2012,1,CHI,334
2012,1,IND,309
2012,1,JAC,260
2012,1,MIN,270
2012,1,BUF,195
2012,1,NYJ,266
2012,1,HOU,266
2012,1,MIA,219
2012,1,NE,236
2012,1,TEN,295
2012,1,DET,355
2012,1,STL,194
2012,1,NO,339
2012,1,WAS,320
2012,1,CLE,118
2012,1,PHI,317
2012,1,ATL,299
2012,1,KC,258
2012,1,GB,303
2012,1,SF,213
2012,1,ARI,215
2012,1,SEA,153
2012,1,CAR,303
2012,1,TB,138
2012,1,DEN,253
2012,1,PIT,245
2012,1,BAL,339
2012,1,CIN,235
2012,1,OAK,298
2012,1,SD,231
2012,2,CHI,126
2012,2,GB,246
2012,2,NYG,510
2012,2,TB,272
2012,2,CAR,253
2012,2,NO,325
2012,2,ARI,140
2012,2,NE,316
2012,2,IND,224
2012,2,MIN,245
2012,2,BAL,232
2012,2,PHI,371
2012,2,BUF,178
2012,2,KC,301
2012,2,CIN,318
2012,2,CLE,322
2012,2,HOU,195
2012,2,JAC,65
2012,2,DAL,251
2012,2,SEA,151
2012,2,STL,313
2012,2,WAS,206
2012,2,NYJ,138
2012,2,PIT,276
2012,2,SD,285
2012,2,TEN,174
2012,2,MIA,200
2012,2,OAK,379
2012,2,DET,230
2012,2,SF,226
2012,2,ATL,219
2012,2,DEN,241
2012,3,CAR,288
2012,3,NYG,292
2012,3,DAL,283
2012,3,TB,110
2012,3,CHI,183
2012,3,STL,152
2012,3,MIN,198
2012,3,SF,204
2012,3,DET,467
2012,3,TEN,403
2012,3,CIN,401
2012,3,WAS,221
2012,3,KC,249
2012,3,NO,269
2012,3,MIA,196
2012,3,NYJ,311
2012,3,BUF,223
2012,3,CLE,241
2012,3,IND,313
2012,3,JAC,155
2012,3,ARI,272
2012,3,PHI,219
2012,3,ATL,275
2012,3,SD,179
2012,3,DEN,354
2012,3,HOU,290
2012,3,OAK,209
2012,3,PIT,402
2012,3,BAL,380
2012,3,NE,335
2012,3,GB,225
2012,3,SEA,130
2012,4,BAL,356
2012,4,CLE,320
2012,4,BUF,350
2012,4,NE,340
2012,4,HOU,200
2012,4,TEN,193
2012,4,KC,251
2012,4,SD,215
2012,4,DET,319
2012,4,MIN,111
2012,4,ATL,369
2012,4,CAR,221
2012,4,SEA,160
2012,4,STL,223
2012,4,NYJ,112
2012,4,SF,143
2012,4,ARI,324
2012,4,MIA,431
2012,4,DEN,338
2012,4,OAK,202
2012,4,CIN,244
2012,4,JAC,186
2012,4,GB,319
2012,4,NO,446
2012,4,TB,299
2012,4,WAS,323
2012,4,NYG,309
2012,4,PHI,241
2012,4,CHI,275
2012,4,DAL,396
2012,5,ARI,289
2012,5,STL,163
2012,5,ATL,345
2012,5,WAS,219
2012,5,PHI,177
2012,5,PIT,207
2012,5,GB,243
2012,5,IND,362
2012,5,CLE,291
2012,5,NYG,259
2012,5,MIN,258
2012,5,TEN,237
2012,5,CIN,235
2012,5,MIA,223
2012,5,BAL,209
2012,5,KC,124
2012,5,CAR,144
2012,5,SEA,221
2012,5,CHI,292
2012,5,JAC,142
2012,5,DEN,345
2012,5,NE,223
2012,5,BUF,126
2012,5,SF,310
2012,5,NO,370
2012,5,SD,354
2012,5,HOU,209
2012,5,NYJ,230
2012,6,PIT,369
2012,6,TEN,284
2012,6,ATL,267
2012,6,OAK,353
2012,6,KC,180
2012,6,TB,328
2012,6,IND,280
2012,6,NYJ,105
2012,6,CIN,381
2012,6,CLE,231
2012,6,DET,311
2012,6,PHI,311
2012,6,MIA,185
2012,6,STL,320
2012,6,BAL,234
2012,6,DAL,261
2012,6,ARI,173
2012,6,BUF,153
2012,6,NE,395
2012,6,SEA,293
2012,6,NYG,193
2012,6,SF,282
2012,6,MIN,352
2012,6,WAS,182
2012,6,GB,338
2012,6,HOU,255
2012,6,DEN,309
2012,6,SD,242
2012,7,SEA,122
2012,7,SF,140
2012,7,NYG,337
2012,7,WAS,252
2012,7,ARI,262
2012,7,MIN,58
2012,7,CAR,226
2012,7,DAL,227
2012,7,NO,377
2012,7,TB,420
2012,7,GB,342
2012,7,STL,255
2012,7,BAL,147
2012,7,HOU,256
2012,7,CLE,255
2012,7,IND,186
2012,7,BUF,225
2012,7,TEN,207
2012,7,NE,259
2012,7,NYJ,328
2012,7,JAC,181
2012,7,OAK,293
2012,7,CIN,105
2012,7,PIT,278
2012,7,CHI,150
2012,7,DET,262
2012,8,MIN,251
2012,8,TB,262
2012,8,GB,186
2012,8,JAC,346
2012,8,MIA,149
2012,8,NYJ,283
2012,8,CLE,129
2012,8,SD,160
2012,8,IND,297
2012,8,TEN,236
2012,8,NE,321
2012,8,STL,247
2012,8,ATL,262
2012,8,PHI,177
2012,8,CAR,314
2012,8,CHI,186
2012,8,DET,352
2012,8,SEA,230
2012,8,PIT,222
2012,8,WAS,177
2012,8,KC,219
2012,8,OAK,233
2012,8,DAL,474
2012,8,NYG,192
2012,8,DEN,306
2012,8,NO,216
2012,8,ARI,290
2012,8,SF,232
2012,9,KC,181
2012,9,SD,220
2012,9,CAR,201
2012,9,WAS,229
2012,9,ARI,311
2012,9,GB,223
2012,9,DET,285
2012,9,JAC,220
2012,9,CHI,229
2012,9,TEN,209
2012,9,CIN,300
2012,9,DEN,291
2012,9,BAL,153
2012,9,CLE,176
2012,9,BUF,239
2012,9,HOU,268
2012,9,IND,433
2012,9,MIA,290
2012,9,MIN,63
2012,9,SEA,198
2012,9,OAK,421
2012,9,TB,247
2012,9,NYG,126
2012,9,PIT,216
2012,9,ATL,342
2012,9,DAL,321
2012,9,NO,239
2012,9,PHI,272
2012,10,IND,227
2012,10,JAC,359
2012,10,CAR,241
2012,10,DEN,301
2012,10,SD,337
2012,10,TB,210
2012,10,MIA,217
2012,10,TEN,122
2012,10,BUF,339
2012,10,NE,237
2012,10,BAL,341
2012,10,OAK,368
2012,10,CIN,199
2012,10,NYG,215
2012,10,ATL,411
2012,10,NO,298
2012,10,DET,329
2012,10,MIN,221
2012,10,NYJ,132
2012,10,SEA,211
2012,10,DAL,209
2012,10,PHI,289
2012,10,SF,189
2012,10,STL,315
2012,10,CHI,134
2012,10,HOU,95
2012,10,KC,164
2012,10,PIT,148
2012,11,BUF,168
2012,11,MIA,141
2012,11,PHI,213
2012,11,WAS,200
2012,11,DET,266
2012,11,GB,236
2012,11,ARI,70
2012,11,ATL,301
2012,11,CAR,252
2012,11,TB,248
2012,11,CLE,210
2012,11,DAL,313
2012,11,NYJ,177
2012,11,STL,170
2012,11,IND,334
2012,11,NE,331
2012,11,HOU,527
2012,11,JAC,378
2012,11,CIN,231
2012,11,KC,188
2012,11,NO,258
2012,11,OAK,321
2012,11,DEN,272
2012,11,SD,258
2012,11,BAL,164
2012,11,PIT,200
2012,11,CHI,107
2012,11,SF,243
2012,12,DET,447
2012,12,HOU,315
2012,12,DAL,441
2012,12,WAS,312
2012,12,NE,295
2012,12,NYJ,267
2012,12,CIN,210
2012,12,OAK,153
2012,12,CLE,158
2012,12,PIT,197
2012,12,BUF,180
2012,12,IND,240
2012,12,JAC,261
2012,12,TEN,272
2012,12,DEN,285
2012,12,KC,126
2012,12,CHI,188
2012,12,MIN,159
2012,12,ATL,353
2012,12,TB,284
2012,12,MIA,253
2012,12,SEA,224
2012,12,BAL,356
2012,12,SD,228
2012,12,NO,267
2012,12,SF,231
2012,12,ARI,312
2012,12,STL,205
2012,12,GB,230
2012,12,NYG,248
2012,12,CAR,306
2012,12,PHI,119
2012,13,ATL,165
2012,13,NO,341
2012,13,CHI,226
2012,13,SEA,296
2012,13,GB,286
2012,13,MIN,119
2012,13,SF,208
2012,13,STL,221
2012,13,ARI,72
2012,13,NYJ,125
2012,13,CAR,232
2012,13,KC,201
2012,13,DET,313
2012,13,IND,391
2012,13,BUF,112
2012,13,JAC,208
2012,13,MIA,186
2012,13,NE,238
2012,13,HOU,207
2012,13,TEN,309
2012,13,DEN,242
2012,13,TB,242
2012,13,BAL,188
2012,13,PIT,269
2012,13,CLE,364
2012,13,OAK,350
2012,13,CIN,211
2012,13,SD,280
2012,13,DAL,315
2012,13,PHI,251
2012,13,NYG,280
2012,13,WAS,161
2012,14,DEN,310
2012,14,OAK,273
2012,14,BAL,182
2012,14,WAS,272
2012,14,CLE,217
2012,14,KC,159
2012,14,PIT,301
2012,14,SD,200
2012,14,IND,196
2012,14,TEN,262
2012,14,JAC,185
2012,14,NYJ,111
2012,14,CHI,324
2012,14,MIN,91
2012,14,ATL,342
2012,14,CAR,287
2012,14,PHI,381
2012,14,TB,189
2012,14,BUF,247
2012,14,STL,209
2012,14,CIN,206
2012,14,DAL,270
2012,14,MIA,155
2012,14,SF,185
2012,14,NO,354
2012,14,NYG,259
2012,14,ARI,133
2012,14,SEA,216
2012,14,DET,264
2012,14,GB,175
2012,14,HOU,247
2012,14,NE,296
2012,15,CIN,127
2012,15,PHI,182
2012,15,CHI,135
2012,15,GB,291
2012,15,ATL,270
2012,15,NYG,170
2012,15,NO,307
2012,15,TB,330
2012,15,MIN,131
2012,15,STL,377
2012,15,CLE,244
2012,15,WAS,329
2012,15,JAC,225
2012,15,MIA,220
2012,15,BAL,254
2012,15,DEN,205
2012,15,HOU,261
2012,15,IND,186
2012,15,ARI,104
2012,15,DET,246
2012,15,CAR,231
2012,15,SD,121
2012,15,BUF,247
2012,15,SEA,210
2012,15,DAL,352
2012,15,PIT,377
2012,15,KC,136
2012,15,OAK,182
2012,15,NE,443
2012,15,SF,222
2012,15,NYJ,135
2012,15,TEN,149
2012,16,ATL,279
2012,16,DET,443
2012,16,GB,351
2012,16,TEN,140
2012,16,CAR,170
2012,16,OAK,151
2012,16,BUF,240
2012,16,MIA,130
2012,16,CIN,279
2012,16,PIT,223
2012,16,JAC,348
2012,16,NE,267
2012,16,IND,205
2012,16,KC,162
2012,16,DAL,416
2012,16,NO,446
2012,16,PHI,345
2012,16,WAS,198
2012,16,STL,202
2012,16,TB,372
2012,16,BAL,325
2012,16,NYG,150
2012,16,HOU,178
2012,16,MIN,174
2012,16,CLE,183
2012,16,DEN,339
2012,16,ARI,246
2012,16,CHI,178
2012,16,SEA,171
2012,16,SF,244
2012,16,NYJ,220
2012,16,SD,165
2012,17,BUF,225
2012,17,NYJ,205
2012,17,MIA,235
2012,17,NE,284
2012,17,BAL,183
2012,17,CIN,143
2012,17,CLE,204
2012,17,PIT,134
2012,17,HOU,275
2012,17,IND,184
2012,17,JAC,298
2012,17,TEN,152
2012,17,NYG,223
2012,17,PHI,211
2012,17,DAL,218
2012,17,WAS,100
2012,17,CHI,257
2012,17,DET,269
2012,17,GB,364
2012,17,MIN,234
2012,17,ATL,238
2012,17,TB,222
2012,17,CAR,260
2012,17,NO,396
2012,17,DEN,316
2012,17,KC,49
2012,17,OAK,150
2012,17,SD,151
2012,17,ARI,225
2012,17,SF,282
2012,17,SEA,250
2012,17,STL,252
2013,1,BAL,362
2013,1,DEN,467
2013,1,BUF,157
2013,1,NE,288
2013,1,CAR,128
2013,1,SEA,320
2013,1,CHI,242
2013,1,CIN,284
2013,1,CLE,289
2013,1,MIA,272
2013,1,DET,377
2013,1,MIN,236
2013,1,IND,178
2013,1,OAK,247
2013,1,JAC,196
2013,1,KC,173
2013,1,NYJ,256
2013,1,TB,210
2013,1,ATL,304
2013,1,NO,357
2013,1,PIT,191
2013,1,TEN,125
2013,1,ARI,327
2013,1,STL,299
2013,1,GB,333
2013,1,SF,412
2013,1,DAL,263
2013,1,NYG,450
2013,1,PHI,203
2013,1,WAS,329
2013,1,HOU,403
2013,1,SD,194
2013,2,NE,228
2013,2,NYJ,223
2013,2,ATL,374
2013,2,STL,352
2013,2,BAL,211
2013,2,CLE,233
2013,2,BUF,296
2013,2,CAR,229
2013,2,CHI,290
2013,2,MIN,234
2013,2,GB,480
2013,2,WAS,319
2013,2,HOU,298
2013,2,TEN,156
2013,2,IND,341
2013,2,MIA,319
2013,2,DAL,298
2013,2,KC,223
2013,2,PHI,430
2013,2,SD,419
2013,2,ARI,265
2013,2,DET,278
2013,2,NO,323
2013,2,TB,125
2013,2,DEN,308
2013,2,NYG,362
2013,2,JAC,241
2013,2,OAK,126
2013,2,SEA,142
2013,2,SF,127
2013,2,CIN,280
2013,2,PIT,251
2013,3,KC,273
2013,3,PHI,201
2013,3,BAL,194
2013,3,HOU,194
2013,3,CIN,235
2013,3,GB,245
2013,3,DAL,210
2013,3,STL,241
2013,3,ATL,243
2013,3,MIA,236
2013,3,CLE,332
2013,3,MIN,228
2013,3,BUF,243
2013,3,NYJ,342
2013,3,NE,221
2013,3,TB,236
2013,3,ARI,187
2013,3,NO,319
2013,3,SD,211
2013,3,TEN,305
2013,3,DET,385
2013,3,WAS,383
2013,3,CAR,223
2013,3,NYG,135
2013,3,IND,164
2013,3,SF,150
2013,3,JAC,235
2013,3,SEA,331
2013,3,CHI,159
2013,3,PIT,406
2013,3,DEN,374
2013,3,OAK,316
2013,4,SF,187
2013,4,STL,204
2013,4,BAL,354
2013,4,BUF,195
2013,4,CIN,207
2013,4,CLE,269
2013,4,CHI,317
2013,4,DET,242
2013,4,HOU,355
2013,4,SEA,123
2013,4,IND,325
2013,4,JAC,179
2013,4,KC,291
2013,4,NYG,218
2013,4,MIN,248
2013,4,PIT,383
2013,4,ARI,248
2013,4,TB,193
2013,4,NYJ,289
2013,4,TEN,257
2013,4,DEN,337
2013,4,PHI,297
2013,4,OAK,227
2013,4,WAS,227
2013,4,DAL,250
2013,4,SD,401
2013,4,ATL,421
2013,4,NE,316
2013,4,MIA,250
2013,4,NO,417
2013,5,BUF,209
2013,5,CLE,222
2013,5,CHI,358
2013,5,NO,288
2013,5,CIN,212
2013,5,NE,200
2013,5,DET,262
2013,5,GB,301
2013,5,IND,227
2013,5,SEA,210
2013,5,BAL,269
2013,5,MIA,325
2013,5,NYG,334
2013,5,PHI,302
2013,5,JAC,270
2013,5,STL,222
2013,5,KC,245
2013,5,TEN,247
2013,5,ARI,175
2013,5,CAR,306
2013,5,DAL,506
2013,5,DEN,414
2013,5,OAK,221
2013,5,SD,452
2013,5,HOU,188
2013,5,SF,113
2013,5,ATL,311
2013,5,NYJ,199
2013,6,CHI,262
2013,6,NYG,239
2013,6,BAL,342
2013,6,GB,315
2013,6,BUF,216
2013,6,CIN,337
2013,6,CLE,292
2013,6,DET,248
2013,6,HOU,284
2013,6,STL,117
2013,6,KC,129
2013,6,OAK,216
2013,6,CAR,242
2013,6,MIN,241
2013,6,NYJ,201
2013,6,PIT,279
2013,6,PHI,296
2013,6,TB,273
2013,6,DEN,296
2013,6,JAC,304
2013,6,SEA,259
2013,6,TEN,171
2013,6,NE,269
2013,6,NO,236
2013,6,ARI,299
2013,6,SF,252
2013,6,DAL,170
2013,6,WAS,246
2013,6,IND,202
2013,6,SD,237
2013,7,ARI,260
2013,7,SEA,245
2013,7,ATL,273
2013,7,TB,261
2013,7,CAR,204
2013,7,STL,276
2013,7,CIN,372
2013,7,DET,376
2013,7,CLE,149
2013,7,GB,260
2013,7,JAC,318
2013,7,SD,285
2013,7,HOU,271
2013,7,KC,240
2013,7,BUF,202
2013,7,MIA,211
2013,7,NE,228
2013,7,NYJ,233
2013,7,DAL,323
2013,7,PHI,209
2013,7,CHI,232
2013,7,WAS,298
2013,7,SF,209
2013,7,TEN,339
2013,7,BAL,216
2013,7,PIT,160
2013,7,DEN,386
2013,7,IND,228
2013,7,MIN,190
2013,7,NYG,200
2013,8,CAR,221
2013,8,TB,275
2013,8,DAL,213
2013,8,DET,488
2013,8,JAC,228
2013,8,SF,177
2013,8,CLE,293
2013,8,KC,225
2013,8,MIA,192
2013,8,NE,116
2013,8,BUF,234
2013,8,NO,332
2013,8,NYG,246
2013,8,PHI,189
2013,8,OAK,88
2013,8,PIT,286
2013,8,CIN,326
2013,8,NYJ,176
2013,8,ARI,172
2013,8,ATL,300
2013,8,DEN,354
2013,8,WAS,180
2013,8,GB,285
2013,8,MIN,145
2013,8,SEA,139
2013,8,STL,158
2013,9,CIN,362
2013,9,MIA,208
2013,9,BUF,234
2013,9,KC,124
2013,9,ATL,219
2013,9,CAR,242
2013,9,DAL,337
2013,9,MIN,236
2013,9,NO,382
2013,9,NYJ,140
2013,9,STL,210
2013,9,TEN,185
2013,9,SD,342
2013,9,WAS,291
2013,9,OAK,375
2013,9,PHI,419
2013,9,SEA,217
2013,9,TB,170
2013,9,BAL,244
2013,9,CLE,260
2013,9,NE,432
2013,9,PIT,400
2013,9,HOU,361
2013,9,IND,271
2013,9,CHI,272
2013,9,GB,141
2013,10,MIN,221
2013,10,WAS,281
2013,10,ATL,173
2013,10,SEA,310
2013,10,BAL,140
2013,10,CIN,274
2013,10,CHI,326
2013,10,DET,219
2013,10,GB,303
2013,10,PHI,228
2013,10,IND,423
2013,10,STL,247
2013,10,NYG,140
2013,10,OAK,122
2013,10,BUF,155
2013,10,PIT,204
2013,10,JAC,180
2013,10,TEN,291
2013,10,CAR,169
2013,10,SF,91
2013,10,ARI,241
2013,10,HOU,201
2013,10,DEN,330
2013,10,SD,218
2013,10,DAL,128
2013,10,NO,392
2013,10,MIA,229
2013,10,TB,139
2013,11,IND,232
2013,11,TEN,222
2013,11,BUF,245
2013,11,NYJ,178
2013,11,BAL,162
2013,11,CHI,223
2013,11,CIN,118
2013,11,CLE,254
2013,11,HOU,325
2013,11,OAK,197
2013,11,ARI,419
2013,11,JAC,255
2013,11,MIA,268
2013,11,SD,298
2013,11,PHI,299
2013,11,WAS,267
2013,11,DET,362
2013,11,PIT,383
2013,11,ATL,287
2013,11,TB,254
2013,11,DEN,322
2013,11,KC,230
2013,11,NO,305
2013,11,SF,127
2013,11,MIN,207
2013,11,SEA,236
2013,11,GB,339
2013,11,NYG,279
2013,11,CAR,209
2013,11,NE,296
2013,12,ATL,293
2013,12,NO,278
2013,12,BAL,273
2013,12,NYJ,140
2013,12,CLE,333
2013,12,PIT,217
2013,12,DET,297
2013,12,TB,247
2013,12,GB,316
2013,12,MIN,234
2013,12,HOU,169
2013,12,JAC,239
2013,12,KC,294
2013,12,SD,393
2013,12,CAR,174
2013,12,MIA,310
2013,12,CHI,353
2013,12,STL,167
2013,12,ARI,314
2013,12,IND,163
2013,12,OAK,254
2013,12,TEN,320
2013,12,DAL,250
2013,12,NYG,174
2013,12,DEN,153
2013,12,NE,331
2013,12,SF,235
2013,12,WAS,127
2013,13,DET,330
2013,13,GB,139
2013,13,DAL,227
2013,13,OAK,256
2013,13,BAL,251
2013,13,PIT,258
2013,13,CAR,263
2013,13,TB,180
2013,13,CLE,370
2013,13,JAC,203
2013,13,IND,200
2013,13,TEN,201
2013,13,DEN,403
2013,13,KC,293
2013,13,CHI,358
2013,13,MIN,298
2013,13,MIA,331
2013,13,NYJ,108
2013,13,ARI,303
2013,13,PHI,237
2013,13,ATL,312
2013,13,BUF,210
2013,13,SF,275
2013,13,STL,218
2013,13,HOU,272
2013,13,NE,371
2013,13,CIN,190
2013,13,SD,252
2013,13,NYG,235
2013,13,WAS,207
2013,13,NO,147
2013,13,SEA,310
2013,14,HOU,357
2013,14,JAC,138
2013,14,BAL,246
2013,14,MIN,265
2013,14,CIN,275
2013,14,IND,326
2013,14,CLE,391
2013,14,NE,426
2013,14,NYJ,219
2013,14,OAK,265
2013,14,CAR,160
2013,14,NO,314
2013,14,DET,148
2013,14,PHI,179
2013,14,MIA,160
2013,14,PIT,235
2013,14,BUF,241
2013,14,TB,104
2013,14,KC,154
2013,14,WAS,223
2013,14,DEN,406
2013,14,TEN,172
2013,14,ARI,270
2013,14,STL,181
2013,14,NYG,259
2013,14,SD,249
2013,14,SEA,199
2013,14,SF,175
2013,14,ATL,206
2013,14,GB,258
2013,14,CHI,348
2013,14,DAL,144
2013,15,DEN,289
2013,15,SD,166
2013,15,ATL,210
2013,15,WAS,381
2013,15,CHI,266
2013,15,CLE,273
2013,15,HOU,171
2013,15,IND,180
2013,15,BUF,193
2013,15,JAC,236
2013,15,MIA,312
2013,15,NE,364
2013,15,MIN,382
2013,15,PHI,428
2013,15,NYG,202
2013,15,SEA,223
2013,15,NO,393
2013,15,STL,158
2013,15,SF,203
2013,15,TB,179
2013,15,ARI,231
2013,15,TEN,402
2013,15,CAR,273
2013,15,NYJ,167
2013,15,KC,318
2013,15,OAK,331
2013,15,DAL,358
2013,15,GB,299
2013,15,CIN,244
2013,15,PIT,191
2013,15,BAL,222
2013,15,DET,235
2013,16,BUF,193
2013,16,MIA,149
2013,16,CAR,181
2013,16,NO,281
2013,16,CIN,380
2013,16,MIN,114
2013,16,DEN,400
2013,16,HOU,176
2013,16,JAC,237
2013,16,TEN,181
2013,16,IND,241
2013,16,KC,153
2013,16,CLE,178
2013,16,NYJ,222
2013,16,CHI,242
2013,16,PHI,230
2013,16,STL,158
2013,16,TB,158
2013,16,DAL,226
2013,16,WAS,197
2013,16,DET,244
2013,16,NYG,256
2013,16,ARI,178
2013,16,SEA,108
2013,16,GB,232
2013,16,PIT,197
2013,16,OAK,206
2013,16,SD,201
2013,16,BAL,262
2013,16,NE,172
2013,16,ATL,348
2013,16,SF,197
2013,17,ATL,280
2013,17,CAR,152
2013,17,CHI,226
2013,17,GB,318
2013,17,BAL,206
2013,17,CIN,281
2013,17,DAL,358
2013,17,PHI,263
2013,17,IND,307
2013,17,JAC,331
2013,17,MIA,202
2013,17,NYJ,220
2013,17,DET,217
2013,17,MIN,207
2013,17,BUF,247
2013,17,NE,122
2013,17,NO,381
2013,17,TB,219
2013,17,NYG,163
2013,17,WAS,170
2013,17,CLE,240
2013,17,PIT,179
2013,17,HOU,246
2013,17,TEN,172
2013,17,ARI,407
2013,17,SF,310
2013,17,DEN,375
2013,17,OAK,211
2013,17,KC,194
2013,17,SD,229
2013,17,SEA,172
2013,17,STL,157
2014,1,GB,189
2014,1,SEA,191
2014,1,ATL,448
2014,1,NO,333
2014,1,BAL,345
2014,1,CIN,301
2014,1,BUF,173
2014,1,CHI,349
2014,1,HOU,206
2014,1,WAS,267
2014,1,KC,202
2014,1,TEN,266
2014,1,MIA,180
2014,1,NE,249
2014,1,NYJ,225
2014,1,OAK,151
2014,1,JAC,266
2014,1,PHI,322
2014,1,CLE,230
2014,1,PIT,390
2014,1,MIN,170
2014,1,STL,273
2014,1,DAL,281
2014,1,SF,201
2014,1,CAR,230
2014,1,TB,180
2014,1,DEN,269
2014,1,IND,368
2014,1,DET,346
2014,1,NYG,163
2014,1,ARI,304
2014,1,SD,238
2014,2,BAL,166
2014,2,PIT,217
2014,2,BUF,202
2014,2,MIA,241
2014,2,CAR,281
2014,2,DET,293
2014,2,ATL,231
2014,2,CIN,302
2014,2,CLE,204
2014,2,NO,237
2014,2,MIN,218
2014,2,NE,175
2014,2,ARI,168
2014,2,NYG,277
2014,2,DAL,176
2014,2,TEN,240
2014,2,JAC,193
2014,2,WAS,288
2014,2,SD,284
2014,2,SEA,202
2014,2,STL,235
2014,2,TB,179
2014,2,DEN,242
2014,2,KC,255
2014,2,GB,358
2014,2,NYJ,176
2014,2,HOU,139
2014,2,OAK,247
2014,2,CHI,198
2014,2,SF,248
2014,2,IND,172
2014,2,PHI,331
2014,3,ATL,350
2014,3,TB,179
2014,3,BUF,244
2014,3,SD,256
2014,3,CIN,184
2014,3,TEN,185
2014,3,BAL,217
2014,3,CLE,290
2014,3,DET,246
2014,3,GB,162
2014,3,IND,395
2014,3,JAC,256
2014,3,NE,240
2014,3,OAK,174
2014,3,MIN,203
2014,3,NO,293
2014,3,HOU,294
2014,3,NYG,234
2014,3,PHI,355
2014,3,WAS,435
2014,3,DAL,217
2014,3,STL,327
2014,3,ARI,255
2014,3,SF,245
2014,3,KC,186
2014,3,MIA,205
2014,3,DEN,319
2014,3,SEA,275
2014,3,CAR,330
2014,3,PIT,196
2014,3,CHI,225
2014,3,NYJ,321
2014,4,NYG,300
2014,4,WAS,229
2014,4,BAL,327
2014,4,CAR,298
2014,4,CHI,265
2014,4,GB,302
2014,4,BUF,225
2014,4,HOU,268
2014,4,IND,393
2014,4,TEN,194
2014,4,ATL,298
2014,4,MIN,317
2014,4,DET,293
2014,4,NYJ,209
2014,4,MIA,278
2014,4,OAK,275
2014,4,PIT,347
2014,4,TB,302
2014,4,JAC,253
2014,4,SD,377
2014,4,PHI,195
2014,4,SF,218
2014,4,DAL,262
2014,4,NO,341
2014,4,KC,248
2014,4,NE,229
2014,5,GB,178
2014,5,MIN,222
2014,5,CAR,257
2014,5,CHI,289
2014,5,DAL,324
2014,5,HOU,154
2014,5,BUF,307
2014,5,DET,249
2014,5,BAL,238
2014,5,IND,313
2014,5,JAC,191
2014,5,PIT,273
2014,5,NO,371
2014,5,TB,249
2014,5,ATL,316
2014,5,NYG,200
2014,5,PHI,208
2014,5,STL,375
2014,5,CLE,292
2014,5,TEN,274
2014,5,ARI,199
2014,5,DEN,479
2014,5,NYJ,74
2014,5,SD,288
2014,5,KC,175
2014,5,SF,199
2014,5,CIN,249
2014,5,NE,292
2014,5,SEA,201
2014,5,WAS,283
2014,6,HOU,212
2014,6,IND,393
2014,6,ATL,268
2014,6,CHI,381
2014,6,BUF,299
2014,6,NE,371
2014,6,CAR,284
2014,6,CIN,323
2014,6,CLE,217
2014,6,PIT,228
2014,6,GB,264
2014,6,MIA,231
2014,6,DET,185
2014,6,MIN,188
2014,6,DEN,237
2014,6,NYJ,190
2014,6,BAL,306
2014,6,TB,343
2014,6,JAC,336
2014,6,TEN,233
2014,6,OAK,282
2014,6,SD,313
2014,6,ARI,249
2014,6,WAS,355
2014,6,DAL,250
2014,6,SEA,126
2014,6,NYG,211
2014,6,PHI,248
2014,6,SF,370
2014,6,STL,236
2014,7,NE,267
2014,7,NYJ,226
2014,7,ATL,228
2014,7,BAL,258
2014,7,BUF,283
2014,7,MIN,157
2014,7,CHI,190
2014,7,MIA,277
2014,7,DET,299
2014,7,NO,342
2014,7,CAR,248
2014,7,GB,255
2014,7,CIN,126
2014,7,IND,343
2014,7,CLE,215
2014,7,JAC,159
2014,7,SEA,313
2014,7,STL,170
2014,7,TEN,160
2014,7,WAS,274
2014,7,KC,221
2014,7,SD,205
2014,7,DAL,280
2014,7,NYG,249
2014,7,ARI,253
2014,7,OAK,173
2014,7,DEN,318
2014,7,SF,301
2014,7,HOU,262
2014,7,PIT,284
2014,8,DEN,286
2014,8,SD,252
2014,8,ATL,228
2014,8,DET,326
2014,8,CAR,171
2014,8,SEA,199
2014,8,BAL,195
2014,8,CIN,265
2014,8,JAC,221
2014,8,MIA,196
2014,8,KC,226
2014,8,STL,160
2014,8,CHI,249
2014,8,NE,376
2014,8,BUF,238
2014,8,NYJ,158
2014,8,MIN,241
2014,8,TB,171
2014,8,HOU,227
2014,8,TEN,299
2014,8,ARI,329
2014,8,PHI,429
2014,8,CLE,275
2014,8,OAK,328
2014,8,IND,400
2014,8,PIT,526
2014,8,GB,419
2014,8,NO,311
2014,8,DAL,280
2014,8,WAS,299
2014,9,CAR,157
2014,9,NO,297
2014,9,CIN,233
2014,9,JAC,247
2014,9,CLE,300
2014,9,TB,260
2014,9,ARI,252
2014,9,DAL,183
2014,9,HOU,203
2014,9,PHI,326
2014,9,KC,199
2014,9,NYJ,235
2014,9,MIA,308
2014,9,SD,148
2014,9,MIN,268
2014,9,WAS,251
2014,9,SF,237
2014,9,STL,105
2014,9,DEN,438
2014,9,NE,338
2014,9,OAK,194
2014,9,SEA,205
2014,9,BAL,303
2014,9,PIT,340
2014,9,IND,354
2014,9,NYG,360
2014,10,CIN,93
2014,10,CLE,198
2014,10,BAL,169
2014,10,TEN,193
2014,10,BUF,266
2014,10,KC,164
2014,10,DET,307
2014,10,MIA,218
2014,10,DAL,254
2014,10,JAC,290
2014,10,NO,292
2014,10,SF,216
2014,10,NYJ,132
2014,10,PIT,342
2014,10,ATL,219
2014,10,TB,301
2014,10,DEN,353
2014,10,OAK,192
2014,10,ARI,326
2014,10,STL,232
2014,10,NYG,304
2014,10,SEA,172
2014,10,CHI,283
2014,10,GB,319
2014,10,CAR,306
2014,10,PHI,333
2014,11,BUF,193
2014,11,MIA,240
2014,11,ATL,268
2014,11,CAR,284
2014,11,CHI,330
2014,11,MIN,158
2014,11,CLE,330
2014,11,HOU,211
2014,11,GB,367
2014,11,PHI,346
2014,11,KC,108
2014,11,SEA,179
2014,11,CIN,219
2014,11,NO,255
2014,11,NYG,280
2014,11,SF,193
2014,11,DEN,389
2014,11,STL,220
2014,11,TB,288
2014,11,WAS,210
2014,11,OAK,172
2014,11,SD,193
2014,11,ARI,306
2014,11,DET,183
2014,11,IND,303
2014,11,NE,257
2014,11,PIT,207
2014,11,TEN,263
2014,12,KC,247
2014,12,OAK,174
2014,12,ATL,273
2014,12,CLE,322
2014,12,BUF,230
2014,12,NYJ,165
2014,12,CHI,130
2014,12,TB,352
2014,12,CIN,233
2014,12,HOU,221
2014,12,IND,254
2014,12,JAC,146
2014,12,GB,230
2014,12,MIN,210
2014,12,DET,264
2014,12,NE,352
2014,12,PHI,307
2014,12,TEN,308
2014,12,SD,291
2014,12,STL,217
2014,12,ARI,151
2014,12,SEA,211
2014,12,DEN,257
2014,12,MIA,228
2014,12,SF,257
2014,12,WAS,106
2014,12,DAL,275
2014,12,NYG,339
2014,12,BAL,243
2014,12,NO,420
2014,13,CHI,280
2014,13,DET,390
2014,13,DAL,199
2014,13,PHI,217
2014,13,SEA,236
2014,13,SF,121
2014,13,BAL,225
2014,13,SD,384
2014,13,BUF,190
2014,13,CLE,255
2014,13,HOU,361
2014,13,TEN,275
2014,13,IND,370
2014,13,WAS,392
2014,13,JAC,194
2014,13,NYG,252
2014,13,CAR,194
2014,13,MIN,140
2014,13,NO,257
2014,13,PIT,436
2014,13,OAK,230
2014,13,STL,183
2014,13,CIN,187
2014,13,TB,190
2014,13,ARI,294
2014,13,ATL,361
2014,13,GB,368
2014,13,NE,245
2014,13,DEN,179
2014,13,KC,153
2014,13,MIA,235
2014,13,NYJ,65
2014,14,CHI,341
2014,14,DAL,205
2014,14,CIN,327
2014,14,PIT,350
2014,14,CLE,154
2014,14,IND,295
2014,14,DET,311
2014,14,TB,250
2014,14,HOU,135
2014,14,JAC,205
2014,14,BAL,269
2014,14,MIA,227
2014,14,MIN,326
2014,14,NYJ,254
2014,14,CAR,226
2014,14,NO,235
2014,14,NYG,260
2014,14,TEN,206
2014,14,STL,213
2014,14,WAS,232
2014,14,ARI,239
2014,14,KC,294
2014,14,BUF,355
2014,14,DEN,175
2014,14,OAK,254
2014,14,SF,174
2014,14,PHI,96
2014,14,SEA,263
2014,14,NE,317
2014,14,SD,189
2014,14,ATL,375
2014,14,GB,327
2014,15,ARI,139
2014,15,STL,229
2014,15,ATL,312
2014,15,PIT,360
2014,15,BAL,221
2014,15,JAC,229
2014,15,BUF,158
2014,15,GB,185
2014,15,CAR,277
2014,15,TB,154
2014,15,CIN,119
2014,15,CLE,80
2014,15,DET,155
2014,15,MIN,315
2014,15,HOU,174
2014,15,IND,187
2014,15,KC,297
2014,15,OAK,222
2014,15,MIA,348
2014,15,NE,287
2014,15,NYG,250
2014,15,WAS,275
2014,15,DEN,233
2014,15,SD,245
2014,15,NYJ,212
2014,15,TEN,217
2014,15,SEA,168
2014,15,SF,141
2014,15,DAL,265
2014,15,PHI,252
2014,15,CHI,194
2014,15,NO,375
2014,16,JAC,124
2014,16,TEN,287
2014,16,PHI,374
2014,16,WAS,220
2014,16,SD,356
2014,16,SF,114
2014,16,CAR,201
2014,16,CLE,172
2014,16,CHI,190
2014,16,DET,243
2014,16,BAL,195
2014,16,HOU,190
2014,16,MIA,396
2014,16,MIN,259
2014,16,ATL,322
2014,16,NO,313
2014,16,NE,182
2014,16,NYJ,210
2014,16,KC,319
2014,16,PIT,220
2014,16,GB,318
2014,16,TB,147
2014,16,NYG,391
2014,16,STL,290
2014,16,DAL,261
2014,16,IND,235
2014,16,BUF,337
2014,16,OAK,214
2014,16,ARI,216
2014,16,SEA,339
2014,16,CIN,146
2014,16,DEN,311
2014,17,ATL,260
2014,17,CAR,114
2014,17,BAL,312
2014,17,CLE,177
2014,17,DET,217
2014,17,GB,232
2014,17,HOU,250
2014,17,JAC,140
2014,17,KC,158
2014,17,SD,294
2014,17,MIA,259
2014,17,NYJ,396
2014,17,CHI,179
2014,17,MIN,244
2014,17,BUF,176
2014,17,NE,170
2014,17,NYG,429
2014,17,PHI,292
2014,17,CIN,244
2014,17,PIT,317
2014,17,NO,281
2014,17,TB,115
2014,17,IND,315
2014,17,TEN,78
2014,17,DAL,299
2014,17,WAS,336
2014,17,DEN,312
2014,17,OAK,158
2014,17,ARI,316
2014,17,SF,204
2014,17,SEA,239
2014,17,STL,243
2015,1,NE,288
2015,1,PIT,351
2015,1,CHI,225
2015,1,GB,189
2015,1,SEA,251
2015,1,STL,297
2015,1,CAR,175
2015,1,JAC,183
2015,1,MIA,226
2015,1,WAS,196
2015,1,BUF,194
2015,1,IND,256
2015,1,CLE,231
2015,1,NYJ,179
2015,1,HOU,334
2015,1,KC,282
2015,1,ARI,307
2015,1,NO,355
2015,1,DET,246
2015,1,SD,404
2015,1,BAL,117
2015,1,DEN,175
2015,1,CIN,269
2015,1,OAK,203
2015,1,TB,210
2015,1,TEN,209
2015,1,DAL,357
2015,1,NYG,203
2015,1,ATL,298
2015,1,PHI,357
2015,1,MIN,231
2015,1,SF,165
2015,2,DEN,257
2015,2,KC,194
2015,2,CAR,195
2015,2,HOU,264
2015,2,BUF,242
2015,2,NE,466
2015,2,CIN,214
2015,2,SD,241
2015,2,CLE,172
2015,2,TEN,257
2015,2,ATL,365
2015,2,NYG,292
2015,2,STL,150
2015,2,WAS,203
2015,2,ARI,185
2015,2,CHI,241
2015,2,DET,289
2015,2,MIN,153
2015,2,NO,270
2015,2,TB,207
2015,2,PIT,369
2015,2,SF,335
2015,2,BAL,384
2015,2,OAK,351
2015,2,JAC,273
2015,2,MIA,359
2015,2,DAL,266
2015,2,PHI,224
2015,2,GB,250
2015,2,SEA,206
2015,2,IND,250
2015,2,NYJ,244
2015,3,NYG,279
2015,3,WAS,358
2015,3,ATL,285
2015,3,DAL,232
2015,3,CAR,315
2015,3,NO,311
2015,3,NYJ,283
2015,3,PHI,118
2015,3,HOU,229
2015,3,TB,269
2015,3,MIN,121
2015,3,SD,309
2015,3,PIT,230
2015,3,STL,204
2015,3,JAC,242
2015,3,NE,358
2015,3,BAL,368
2015,3,CIN,385
2015,3,CLE,341
2015,3,OAK,314
2015,3,IND,260
2015,3,TEN,367
2015,3,ARI,311
2015,3,SF,67
2015,3,CHI,83
2015,3,SEA,244
2015,3,BUF,277
2015,3,MIA,297
2015,3,DEN,356
2015,3,DET,280
2015,3,GB,337
2015,3,KC,290
2015,4,BAL,186
2015,4,PIT,124
2015,4,MIA,198
2015,4,NYJ,218
2015,4,CHI,285
2015,4,OAK,196
2015,4,ATL,256
2015,4,HOU,399
2015,4,CIN,321
2015,4,KC,386
2015,4,IND,282
2015,4,JAC,298
2015,4,PHI,266
2015,4,WAS,295
2015,4,CAR,124
2015,4,TB,287
2015,4,BUF,274
2015,4,NYG,212
2015,4,CLE,356
2015,4,SD,358
2015,4,GB,224
2015,4,SF,160
2015,4,ARI,354
2015,4,STL,171
2015,4,DEN,213
2015,4,MIN,269
2015,4,DAL,246
2015,4,NO,359
2015,4,DET,203
2015,4,SEA,287
2015,5,HOU,362
2015,5,IND,213
2015,5,NO,339
2015,5,PHI,333
2015,5,CHI,240
2015,5,KC,190
2015,5,CIN,339
2015,5,SEA,252
2015,5,ATL,267
2015,5,WAS,219
2015,5,JAC,303
2015,5,TB,209
2015,5,BAL,210
2015,5,CLE,487
2015,5,BUF,113
2015,5,TEN,187
2015,5,GB,240
2015,5,STL,161
2015,5,ARI,171
2015,5,DET,379
2015,5,DAL,188
2015,5,NE,275
2015,5,DEN,266
2015,5,OAK,263
2015,5,NYG,441
2015,5,SF,262
2015,5,PIT,203
2015,5,SD,365
2015,6,ATL,295
2015,6,NO,324
2015,6,CHI,361
2015,6,DET,403
2015,6,NYJ,253
2015,6,WAS,196
2015,6,ARI,421
2015,6,PIT,174
2015,6,KC,282
2015,6,MIN,249
2015,6,BUF,263
2015,6,CIN,256
2015,6,CLE,213
2015,6,DEN,290
2015,6,MIA,266
2015,6,TEN,282
2015,6,HOU,293
2015,6,JAC,331
2015,6,CAR,269
2015,6,SEA,236
2015,6,GB,255
2015,6,SD,503
2015,6,BAL,343
2015,6,SF,340
2015,6,IND,312
2015,6,NE,312
2015,6,NYG,189
2015,6,PHI,285
2015,7,SEA,235
2015,7,SF,124
2015,7,BUF,301
2015,7,JAC,182
2015,7,CLE,301
2015,7,STL,163
2015,7,HOU,273
2015,7,MIA,296
2015,7,NE,356
2015,7,NYJ,296
2015,7,KC,251
2015,7,PIT,209
2015,7,TB,321
2015,7,WAS,317
2015,7,DET,256
2015,7,MIN,316
2015,7,IND,333
2015,7,NO,280
2015,7,ATL,251
2015,7,TEN,187
2015,7,OAK,289
2015,7,SD,337
2015,7,DAL,227
2015,7,NYG,170
2015,7,CAR,197
2015,7,PHI,205
2015,7,ARI,275
2015,7,BAL,252
2015,8,MIA,300
2015,8,NE,356
2015,8,DET,227
2015,8,KC,149
2015,8,BAL,319
2015,8,SD,301
2015,8,CIN,231
2015,8,PIT,260
2015,8,HOU,235
2015,8,TEN,173
2015,8,CHI,211
2015,8,MIN,187
2015,8,ATL,397
2015,8,TB,186
2015,8,NO,511
2015,8,NYG,350
2015,8,SF,163
2015,8,STL,206
2015,8,ARI,374
2015,8,CLE,223
2015,8,NYJ,311
2015,8,OAK,333
2015,8,DAL,86
2015,8,SEA,210
2015,8,DEN,340
2015,8,GB,77
2015,8,CAR,248
2015,8,IND,231
2015,9,CIN,252
2015,9,CLE,168
2015,9,MIN,159
2015,9,STL,168
2015,9,CAR,297
2015,9,GB,381
2015,9,NE,299
2015,9,WAS,217
2015,9,NO,389
2015,9,TEN,371
2015,9,BUF,181
2015,9,MIA,318
2015,9,JAC,381
2015,9,NYJ,272
2015,9,OAK,307
2015,9,PIT,413
2015,9,NYG,213
2015,9,TB,252
2015,9,ATL,303
2015,9,SF,185
2015,9,DEN,281
2015,9,IND,252
2015,9,DAL,299
2015,9,PHI,295
2015,9,CHI,345
2015,9,SD,280
2015,10,BUF,158
2015,10,NYJ,199
2015,10,NO,209
2015,10,WAS,324
2015,10,DET,242
2015,10,GB,333
2015,10,DAL,186
2015,10,TB,264
2015,10,CAR,217
2015,10,TEN,186
2015,10,CHI,258
2015,10,STL,200
2015,10,MIA,217
2015,10,PHI,392
2015,10,BAL,316
2015,10,JAC,188
2015,10,CLE,372
2015,10,PIT,402
2015,10,MIN,140
2015,10,OAK,301
2015,10,NE,334
2015,10,NYG,366
2015,10,DEN,181
2015,10,KC,204
2015,10,ARI,362
2015,10,SEA,240
2015,10,CIN,197
2015,10,HOU,192
2015,11,JAC,242
2015,11,TEN,231
2015,11,CHI,265
2015,11,DEN,250
2015,11,DET,282
2015,11,OAK,169
2015,11,ATL,280
2015,11,IND,213
2015,11,HOU,250
2015,11,NYJ,216
2015,11,PHI,261
2015,11,TB,246
2015,11,GB,212
2015,11,MIN,296
2015,11,CAR,244
2015,11,WAS,207
2015,11,DAL,227
2015,11,MIA,207
2015,11,BAL,299
2015,11,STL,136
2015,11,ARI,317
2015,11,CIN,315
2015,11,SEA,260
2015,11,SF,264
2015,11,KC,253
2015,11,SD,179
2015,11,BUF,234
2015,11,NE,277
2015,12,DET,337
2015,12,PHI,199
2015,12,CAR,183
2015,12,DAL,199
2015,12,CHI,208
2015,12,GB,202
2015,12,NYG,329
2015,12,WAS,303
2015,12,ATL,230
2015,12,MIN,174
2015,12,CIN,236
2015,12,STL,259
2015,12,HOU,205
2015,12,NO,228
2015,12,IND,315
2015,12,TB,245
2015,12,MIA,351
2015,12,NYJ,277
2015,12,JAC,329
2015,12,SD,300
2015,12,OAK,342
2015,12,TEN,218
2015,12,BUF,298
2015,12,KC,255
2015,12,ARI,271
2015,12,SF,326
2015,12,PIT,518
2015,12,SEA,357
2015,12,DEN,270
2015,12,NE,280
2015,12,BAL,232
2015,12,CLE,289
2015,13,DET,220
2015,13,GB,313
2015,13,NYG,297
2015,13,NYJ,390
2015,13,BUF,211
2015,13,HOU,299
2015,13,BAL,298
2015,13,MIA,86
2015,13,CIN,240
2015,13,CLE,230
2015,13,JAC,322
2015,13,TEN,268
2015,13,CHI,218
2015,13,SF,196
2015,13,MIN,118
2015,13,SEA,274
2015,13,CAR,332
2015,13,NO,293
2015,13,ATL,269
2015,13,TB,227
2015,13,ARI,362
2015,13,STL,144
2015,13,KC,164
2015,13,OAK,283
2015,13,DEN,166
2015,13,SD,202
2015,13,NE,348
2015,13,PHI,120
2015,13,IND,220
2015,13,PIT,364
2015,13,DAL,234
2015,13,WAS,219
2015,14,ARI,310
2015,14,MIN,335
2015,14,BUF,268
2015,14,PHI,295
2015,14,NYJ,263
2015,14,TEN,315
2015,14,CIN,339
2015,14,PIT,282
2015,14,HOU,149
2015,14,NE,262
2015,14,IND,260
2015,14,JAC,248
2015,14,KC,191
2015,14,SD,263
2015,14,CHI,315
2015,14,WAS,301
2015,14,ATL,235
2015,14,CAR,302
2015,14,NO,310
2015,14,TB,182
2015,14,DET,245
2015,14,STL,124
2015,14,CLE,270
2015,14,SF,203
2015,14,DEN,308
2015,14,OAK,152
2015,14,DAL,142
2015,14,GB,218
2015,14,BAL,274
2015,14,SEA,301
2015,14,MIA,235
2015,14,NYG,337
2015,15,STL,234
2015,15,TB,366
2015,15,DAL,195
2015,15,NYJ,299
2015,15,CAR,340
2015,15,NYG,245
2015,15,ARI,274
2015,15,PHI,361
2015,15,CHI,244
2015,15,MIN,231
2015,15,ATL,246
2015,15,JAC,276
2015,15,HOU,188
2015,15,IND,163
2015,15,NE,267
2015,15,TEN,274
2015,15,BAL,281
2015,15,KC,176
2015,15,BUF,235
2015,15,WAS,319
2015,15,CLE,161
2015,15,SEA,249
2015,15,GB,204
2015,15,OAK,276
2015,15,DEN,296
2015,15,PIT,380
2015,15,MIA,216
2015,15,SD,311
2015,15,CIN,198
2015,15,SF,295
2015,15,DET,254
2015,15,NO,342
2015,16,OAK,204
2015,16,SD,307
2015,16,PHI,373
2015,16,WAS,365
2015,16,JAC,368
2015,16,NO,412
2015,16,IND,177
2015,16,MIA,329
2015,16,NE,231
2015,16,NYJ,298
2015,16,HOU,207
2015,16,TEN,234
2015,16,CLE,136
2015,16,KC,125
2015,16,DET,322
2015,16,SF,225
2015,16,MIN,168
2015,16,NYG,302
2015,16,ATL,306
2015,16,CAR,142
2015,16,CHI,157
2015,16,TB,295
2015,16,BUF,180
2015,16,DAL,186
2015,16,ARI,269
2015,16,GB,155
2015,16,SEA,289
2015,16,STL,103
2015,16,BAL,274
2015,16,PIT,246
2015,16,CIN,200
2015,16,DEN,299
2016,17,BUF,182
2016,17,NYJ,181
2016,17,MIA,345
2016,17,NE,140
2016,17,BAL,345
2016,17,CIN,160
2016,17,CLE,241
2016,17,PIT,349
2016,17,HOU,249
2016,17,JAC,239
2016,17,IND,207
2016,17,TEN,144
2016,17,KC,159
2016,17,OAK,210
2016,17,DAL,434
2016,17,WAS,304
2016,17,NYG,302
2016,17,PHI,320
2016,17,CHI,245
2016,17,DET,298
2016,17,GB,291
2016,17,MIN,99
2016,17,ATL,334
2016,17,NO,323
2016,17,CAR,306
2016,17,TB,325
2016,17,DEN,301
2016,17,SD,228
2016,17,ARI,213
2016,17,SEA,225
2016,17,SF,354
2016,17,STL,231
2016,1,CAR,194
2016,1,DEN,179
2016,1,ATL,334
2016,1,TB,281
2016,1,BAL,258
2016,1,BUF,111
2016,1,CHI,216
2016,1,HOU,231
2016,1,GB,199
2016,1,JAC,320
2016,1,KC,363
2016,1,SD,243
2016,1,NO,423
2016,1,OAK,319
2016,1,CIN,375
2016,1,NYJ,189
2016,1,CLE,190
2016,1,PHI,273
2016,1,MIN,236
2016,1,TEN,271
2016,1,MIA,186
2016,1,SEA,258
2016,1,DAL,251
2016,1,NYG,207
2016,1,DET,352
2016,1,IND,385
2016,1,ARI,271
2016,1,NE,264
2016,1,PIT,252
2016,1,WAS,329
2016,1,LA,130
2016,1,SF,170
2016,2,BUF,288
2016,2,NYJ,378
2016,2,CAR,353
2016,2,SF,243
2016,2,BAL,302
2016,2,CLE,277
2016,2,DET,269
2016,2,TEN,238
2016,2,HOU,268
2016,2,KC,216
2016,2,MIA,389
2016,2,NE,326
2016,2,NO,263
2016,2,NYG,368
2016,2,CIN,367
2016,2,PIT,259
2016,2,DAL,292
2016,2,WAS,364
2016,2,ARI,320
2016,2,TB,243
2016,2,LA,239
2016,2,SEA,256
2016,2,DEN,266
2016,2,IND,197
2016,2,ATL,396
2016,2,OAK,299
2016,2,JAC,329
2016,2,SD,220
2016,2,GB,213
2016,2,MIN,285
2016,2,CHI,235
2016,2,PHI,190
2016,3,HOU,196
2016,3,NE,103
2016,3,ARI,260
2016,3,BUF,119
2016,3,CAR,311
2016,3,MIN,171
2016,3,CIN,210
2016,3,DEN,312
2016,3,DET,385
2016,3,GB,205
2016,3,BAL,214
2016,3,JAC,209
2016,3,CLE,278
2016,3,MIA,319
2016,3,NYG,350
2016,3,WAS,327
2016,3,OAK,249
2016,3,TEN,214
2016,3,SEA,308
2016,3,SF,119
2016,3,LA,190
2016,3,TB,405
2016,3,PHI,294
2016,3,PIT,232
2016,3,IND,331
2016,3,SD,332
2016,3,KC,237
2016,3,NYJ,188
2016,3,CHI,321
2016,3,DAL,249
2016,3,ATL,239
2016,3,NO,376
2016,4,CIN,296
2016,4,MIA,189
2016,4,IND,237
2016,4,JAC,207
2016,4,ATL,503
2016,4,CAR,337
2016,4,BAL,298
2016,4,OAK,199
2016,4,CHI,302
2016,4,DET,213
2016,4,HOU,254
2016,4,TEN,202
2016,4,BUF,244
2016,4,NE,205
2016,4,NYJ,261
2016,4,SEA,309
2016,4,CLE,223
2016,4,WAS,183
2016,4,DEN,238
2016,4,TB,179
2016,4,ARI,325
2016,4,LA,266
2016,4,NO,218
2016,4,SD,321
2016,4,DAL,245
2016,4,SF,196
2016,4,KC,270
2016,4,PIT,300
2016,4,MIN,262
2016,4,NYG,261
2016,5,ARI,124
2016,5,SF,162
2016,5,BAL,233
2016,5,WAS,255
2016,5,CLE,249
2016,5,NE,406
2016,5,DET,181
2016,5,PHI,238
2016,5,CHI,400
2016,5,IND,322
2016,5,MIA,191
2016,5,TEN,164
2016,5,HOU,184
2016,5,MIN,271
2016,5,NYJ,255
2016,5,PIT,380
2016,5,ATL,273
2016,5,DEN,223
2016,5,CIN,269
2016,5,DAL,227
2016,5,BUF,124
2016,5,LA,271
2016,5,OAK,317
2016,5,SD,359
2016,5,GB,258
2016,5,NYG,199
2016,5,CAR,278
2016,5,TB,225
2016,6,DEN,238
2016,6,SD,178
2016,6,BUF,191
2016,6,SF,187
2016,6,CHI,302
2016,6,JAC,271
2016,6,DET,271
2016,6,LA,321
2016,6,MIA,252
2016,6,PIT,189
2016,6,CIN,254
2016,6,NE,376
2016,6,CAR,347
2016,6,NO,457
2016,6,BAL,307
2016,6,NYG,403
2016,6,CLE,362
2016,6,TEN,284
2016,6,PHI,179
2016,6,WAS,263
2016,6,KC,224
2016,6,OAK,225
2016,6,DAL,254
2016,6,GB,294
2016,6,ATL,335
2016,6,SEA,270
2016,6,HOU,269
2016,6,IND,263
2016,6,ARI,225
2016,6,NYJ,203
2016,7,CHI,130
2016,7,GB,326
2016,7,LA,261
2016,7,NYG,196
2016,7,CIN,308
2016,7,CLE,182
2016,7,DET,266
2016,7,WAS,299
2016,7,JAC,246
2016,7,OAK,200
2016,7,KC,214
2016,7,NO,367
2016,7,BUF,221
2016,7,MIA,204
2016,7,BAL,248
2016,7,NYJ,215
2016,7,MIN,224
2016,7,PHI,114
2016,7,IND,353
2016,7,TEN,232
2016,7,ATL,273
2016,7,SD,393
2016,7,SF,149
2016,7,TB,269
2016,7,NE,222
2016,7,PIT,281
2016,7,ARI,342
2016,7,SEA,225
2016,7,DEN,157
2016,7,HOU,131
2016,8,JAC,337
2016,8,TEN,294
2016,8,CIN,284
2016,8,WAS,458
2016,8,ATL,288
2016,8,GB,251
2016,8,BUF,218
2016,8,NE,315
2016,8,CLE,352
2016,8,NYJ,228
2016,8,DET,247
2016,8,HOU,186
2016,8,IND,211
2016,8,KC,387
2016,8,NO,265
2016,8,SEA,296
2016,8,OAK,513
2016,8,TB,180
2016,8,DEN,276
2016,8,SD,259
2016,8,ARI,363
2016,8,CAR,212
2016,8,DAL,287
2016,8,PHI,204
2016,8,CHI,252
2016,8,MIN,228
2016,9,ATL,344
2016,9,TB,346
2016,9,DEN,283
2016,9,OAK,184
2016,9,BAL,250
2016,9,PIT,258
2016,9,CLE,203
2016,9,DAL,255
2016,9,JAC,270
2016,9,KC,187
2016,9,MIA,149
2016,9,NYJ,225
2016,9,DET,223
2016,9,MIN,273
2016,9,NYG,257
2016,9,PHI,367
2016,9,CAR,228
2016,9,LA,309
2016,9,NO,323
2016,9,SF,398
2016,9,GB,297
2016,9,IND,281
2016,9,SD,275
2016,9,TEN,313
2016,9,BUF,289
2016,9,SEA,282
2016,10,BAL,296
2016,10,CLE,150
2016,10,CAR,261
2016,10,KC,178
2016,10,HOU,99
2016,10,JAC,265
2016,10,DEN,259
2016,10,NO,303
2016,10,LA,165
2016,10,NYJ,154
2016,10,ATL,267
2016,10,PHI,226
2016,10,CHI,182
2016,10,TB,312
2016,10,GB,379
2016,10,TEN,305
2016,10,MIN,307
2016,10,WAS,262
2016,10,MIA,240
2016,10,SD,326
2016,10,ARI,376
2016,10,SF,210
2016,10,DAL,319
2016,10,PIT,408
2016,10,NE,316
2016,10,SEA,348
2016,10,CIN,204
2016,10,NYG,241
2016,11,CAR,192
2016,11,NO,287
2016,11,BUF,166
2016,11,CIN,207
2016,11,CLE,246
2016,11,PIT,167
2016,11,BAL,269
2016,11,DAL,296
2016,11,DET,295
2016,11,JAC,202
2016,11,IND,262
2016,11,TEN,290
2016,11,KC,272
2016,11,TB,330
2016,11,ARI,198
2016,11,MIN,169
2016,11,CHI,252
2016,11,NYG,227
2016,11,LA,134
2016,11,MIA,172
2016,11,NE,280
2016,11,SF,206
2016,11,PHI,218
2016,11,SEA,273
2016,11,GB,360
2016,11,WAS,375
2016,11,HOU,243
2016,11,OAK,295
2016,12,DET,232
2016,12,MIN,224
2016,12,DAL,195
2016,12,WAS,449
2016,12,IND,240
2016,12,PIT,221
2016,12,ARI,289
2016,12,ATL,269
2016,12,BAL,234
2016,12,CIN,284
2016,12,BUF,166
2016,12,JAC,148
2016,12,CHI,316
2016,12,TEN,226
2016,12,CLE,322
2016,12,NYG,194
2016,12,HOU,246
2016,12,SD,242
2016,12,MIA,327
2016,12,SF,297
2016,12,LA,217
2016,12,NO,360
2016,12,SEA,151
2016,12,TB,220
2016,12,DEN,368
2016,12,KC,219
2016,12,CAR,246
2016,12,OAK,315
2016,12,NE,278
2016,12,NYJ,269
2016,12,GB,315
2016,12,PHI,254
2016,13,DAL,139
2016,13,MIN,253
2016,13,ATL,304
2016,13,KC,270
2016,13,BAL,386
2016,13,MIA,226
2016,13,CHI,192
2016,13,SF,21
2016,13,CIN,332
2016,13,PHI,308
2016,13,GB,209
2016,13,HOU,216
2016,13,DEN,104
2016,13,JAC,181
2016,13,LA,161
2016,13,NE,269
2016,13,DET,341
2016,13,NO,326
2016,13,BUF,191
2016,13,OAK,260
2016,13,ARI,300
2016,13,WAS,271
2016,13,NYG,195
2016,13,PIT,289
2016,13,SD,225
2016,13,TB,280
2016,13,CAR,182
2016,13,SEA,316
2016,13,IND,289
2016,13,NYJ,211
2016,14,KC,264
2016,14,OAK,120
2016,14,BUF,235
2016,14,PIT,220
2016,14,CAR,160
2016,14,SD,236
2016,14,CIN,180
2016,14,CLE,104
2016,14,CHI,212
2016,14,DET,223
2016,14,HOU,147
2016,14,IND,276
2016,14,JAC,257
2016,14,MIN,271
2016,14,ARI,145
2016,14,MIA,242
2016,14,PHI,314
2016,14,WAS,264
2016,14,NO,261
2016,14,TB,184
2016,14,DEN,351
2016,14,TEN,88
2016,14,NYJ,257
2016,14,SF,133
2016,14,GB,246
2016,14,SEA,240
2016,14,ATL,237
2016,14,LA,242
2016,14,DAL,186
2016,14,NYG,193
2016,14,BAL,324
2016,14,NE,406
2016,15,LA,167
2016,15,SEA,228
2016,15,MIA,236
2016,15,NYJ,267
2016,15,BAL,206
2016,15,PHI,170
2016,15,BUF,174
2016,15,CLE,196
2016,15,CHI,362
2016,15,GB,252
2016,15,DAL,279
2016,15,TB,247
2016,15,HOU,308
2016,15,JAC,92
2016,15,KC,163
2016,15,TEN,241
2016,15,IND,249
2016,15,MIN,291
2016,15,DET,273
2016,15,NYG,201
2016,15,ARI,320
2016,15,NO,389
2016,15,ATL,302
2016,15,SF,183
2016,15,DEN,282
2016,15,NE,188
2016,15,OAK,242
2016,15,SD,206
2016,15,CIN,157
2016,15,PIT,286
2016,15,CAR,300
2016,15,WAS,315
2016,16,NYG,357
2016,16,PHI,168
2016,16,BUF,321
2016,16,MIA,233
2016,16,ATL,301
2016,16,CAR,198
2016,16,CHI,323
2016,16,WAS,270
2016,16,CLE,175
2016,16,SD,322
2016,16,GB,347
2016,16,MIN,382
2016,16,JAC,345
2016,16,TEN,218
2016,16,NE,220
2016,16,NYJ,136
2016,16,NO,303
2016,16,TB,277
2016,16,IND,288
2016,16,OAK,257
2016,16,LA,90
2016,16,SF,266
2016,16,ARI,284
2016,16,SEA,359
2016,16,CIN,268
2016,16,HOU,176
2016,16,BAL,262
2016,16,PIT,279
2016,16,DEN,188
2016,16,KC,259
2016,16,DAL,222
2016,16,DET,258
2017,17,ATL,331
2017,17,NO,351
2017,17,BAL,280
2017,17,CIN,226
2017,17,DET,347
2017,17,GB,316
2017,17,IND,321
2017,17,JAC,301
2017,17,MIA,203
2017,17,NE,276
2017,17,CHI,149
2017,17,MIN,250
2017,17,BUF,182
2017,17,NYJ,210
2017,17,DAL,167
2017,17,PHI,245
2017,17,CLE,232
2017,17,PIT,297
2017,17,CAR,237
2017,17,TB,202
2017,17,HOU,278
2017,17,TEN,150
2017,17,NYG,180
2017,17,WAS,291
2017,17,DEN,239
2017,17,OAK,171
2017,17,ARI,263
2017,17,LA,143
2017,17,KC,264
2017,17,SD,269
2017,17,SEA,302
2017,17,SF,215
2017,1,KC,368
2017,1,NE,267
2017,1,BUF,230
2017,1,NYJ,188
2017,1,ATL,321
2017,1,CHI,213
2017,1,BAL,121
2017,1,CIN,170
2017,1,CLE,222
2017,1,PIT,268
2017,1,ARI,269
2017,1,DET,292
2017,1,HOU,155
2017,1,JAC,125
2017,1,OAK,262
2017,1,TEN,256
2017,1,PHI,307
2017,1,WAS,240
2017,1,IND,179
2017,1,LA,318
2017,1,GB,311
2017,1,SEA,158
2017,1,CAR,171
2017,1,SF,193
2017,1,DAL,268
2017,1,NYG,222
2017,1,MIN,344
2017,1,NO,291
2017,1,DEN,219
2017,1,LAC,192
2017,2,CIN,216
2017,2,HOU,125
2017,2,BAL,217
2017,2,CLE,300
2017,2,BUF,125
2017,2,CAR,228
2017,2,ARI,341
2017,2,IND,216
2017,2,JAC,226
2017,2,TEN,215
2017,2,KC,251
2017,2,PHI,332
2017,2,NE,447
2017,2,NO,350
2017,2,MIN,167
2017,2,PIT,243
2017,2,CHI,301
2017,2,TB,204
2017,2,LAC,331
2017,2,MIA,230
2017,2,NYJ,166
2017,2,OAK,230
2017,2,DAL,238
2017,2,DEN,231
2017,2,LA,252
2017,2,WAS,176
2017,2,SEA,198
2017,2,SF,99
2017,2,ATL,252
2017,2,GB,343
2017,2,DET,122
2017,2,NYG,240
2017,3,LA,292
2017,3,SF,332
2017,3,BAL,64
2017,3,JAC,244
2017,3,BUF,213
2017,3,DEN,303
2017,3,CAR,213
2017,3,NO,220
2017,3,CHI,101
2017,3,PIT,235
2017,3,ATL,293
2017,3,DET,279
2017,3,CLE,242
2017,3,IND,259
2017,3,MIN,369
2017,3,TB,315
2017,3,HOU,301
2017,3,NE,378
2017,3,MIA,220
2017,3,NYJ,249
2017,3,NYG,367
2017,3,PHI,181
2017,3,SEA,373
2017,3,TEN,225
2017,3,CIN,212
2017,3,GB,313
2017,3,KC,153
2017,3,LAC,237
2017,3,OAK,118
2017,3,WAS,374
2017,3,ARI,325
2017,3,DAL,205
2017,4,CHI,218
2017,4,GB,180
2017,4,MIA,164
2017,4,NO,270
2017,4,ATL,251
2017,4,BUF,182
2017,4,BAL,235
2017,4,PIT,216
2017,4,CIN,289
2017,4,CLE,183
2017,4,DAL,248
2017,4,LA,255
2017,4,HOU,283
2017,4,TEN,117
2017,4,DET,209
2017,4,MIN,219
2017,4,CAR,316
2017,4,NE,310
2017,4,JAC,146
2017,4,NYJ,255
2017,4,ARI,359
2017,4,SF,234
2017,4,LAC,347
2017,4,PHI,242
2017,4,NYG,288
2017,4,TB,333
2017,4,DEN,179
2017,4,OAK,249
2017,4,IND,156
2017,4,SEA,295
2017,4,KC,293
2017,4,WAS,221
2017,5,NE,303
2017,5,TB,334
2017,5,BUF,166
2017,5,CIN,328
2017,5,CLE,292
2017,5,NYJ,196
2017,5,CAR,355
2017,5,DET,229
2017,5,IND,318
2017,5,SF,353
2017,5,MIA,92
2017,5,TEN,141
2017,5,LAC,258
2017,5,NYG,235
2017,5,ARI,297
2017,5,PHI,304
2017,5,JAC,95
2017,5,PIT,312
2017,5,LA,288
2017,5,SEA,198
2017,5,BAL,222
2017,5,OAK,163
2017,5,DAL,234
2017,5,GB,221
2017,5,HOU,261
2017,5,KC,324
2017,5,CHI,177
2017,5,MIN,179
2017,6,CAR,239
2017,6,PHI,222
2017,6,ATL,248
2017,6,MIA,151
2017,6,BAL,180
2017,6,CHI,134
2017,6,CLE,143
2017,6,HOU,225
2017,6,GB,183
2017,6,MIN,253
2017,6,DET,312
2017,6,NO,186
2017,6,NE,257
2017,6,NYJ,355
2017,6,SF,279
2017,6,WAS,344
2017,6,ARI,283
2017,6,TB,351
2017,6,JAC,241
2017,6,LA,124
2017,6,KC,246
2017,6,PIT,255
2017,6,LAC,268
2017,6,OAK,167
2017,6,DEN,394
2017,6,NYG,128
2017,6,IND,214
2017,6,TEN,306
2017,7,KC,341
2017,7,OAK,418
2017,7,BUF,268
2017,7,TB,390
2017,7,CAR,211
2017,7,CHI,107
2017,7,CLE,244
2017,7,TEN,203
2017,7,GB,87
2017,7,NO,331
2017,7,IND,200
2017,7,JAC,330
2017,7,ARI,184
2017,7,LA,245
2017,7,MIA,337
2017,7,NYJ,217
2017,7,BAL,186
2017,7,MIN,188
2017,7,CIN,138
2017,7,PIT,268
2017,7,DAL,253
2017,7,SF,235
2017,7,DEN,207
2017,7,LAC,183
2017,7,NYG,134
2017,7,SEA,334
2017,7,ATL,233
2017,7,NE,249
2017,7,PHI,276
2017,7,WAS,303
2017,8,BAL,121
2017,8,MIA,176
2017,8,CLE,179
2017,8,MIN,307
2017,8,BUF,165
2017,8,OAK,313
2017,8,CIN,243
2017,8,IND,252
2017,8,LAC,212
2017,8,NE,308
2017,8,CHI,189
2017,8,NO,299
2017,8,ATL,254
2017,8,NYJ,257
2017,8,PHI,211
2017,8,SF,167
2017,8,CAR,154
2017,8,TB,210
2017,8,HOU,402
2017,8,SEA,452
2017,8,DAL,164
2017,8,WAS,263
2017,8,DET,423
2017,8,PIT,317
2017,8,DEN,198
2017,8,KC,202
2017,9,BUF,286
2017,9,NYJ,140
2017,9,ATL,315
2017,9,CAR,137
2017,9,HOU,219
2017,9,IND,308
2017,9,CIN,136
2017,9,JAC,259
2017,9,NO,263
2017,9,TB,135
2017,9,LA,304
2017,9,NYG,220
2017,9,DEN,208
2017,9,PHI,234
2017,9,BAL,277
2017,9,TEN,224
2017,9,ARI,201
2017,9,SF,295
2017,9,SEA,291
2017,9,WAS,247
2017,9,DAL,249
2017,9,KC,263
2017,9,MIA,311
2017,9,OAK,300
2017,9,DET,361
2017,9,GB,245
2017,10,ARI,287
2017,10,SEA,238
2017,10,BUF,135
2017,10,NO,184
2017,10,CHI,295
2017,10,GB,212
2017,10,CLE,237
2017,10,DET,249
2017,10,IND,222
2017,10,PIT,236
2017,10,JAC,273
2017,10,LAC,235
2017,10,NYJ,262
2017,10,TB,187
2017,10,CIN,265
2017,10,TEN,265
2017,10,MIN,304
2017,10,WAS,328
2017,10,HOU,221
2017,10,LA,361
2017,10,ATL,220
2017,10,DAL,176
2017,10,NYG,273
2017,10,SF,288
2017,10,DEN,221
2017,10,NE,303
2017,10,CAR,254
2017,10,MIA,213
2017,11,PIT,307
2017,11,TEN,306
2017,11,CHI,179
2017,11,DET,299
2017,11,CLE,179
2017,11,JAC,154
2017,11,BAL,183
2017,11,GB,238
2017,11,ARI,257
2017,11,HOU,229
2017,11,LA,225
2017,11,MIN,280
2017,11,NO,385
2017,11,WAS,322
2017,11,KC,230
2017,11,NYG,205
2017,11,BUF,224
2017,11,LAC,284
2017,11,CIN,154
2017,11,DEN,254
2017,11,NE,339
2017,11,OAK,241
2017,11,DAL,145
2017,11,PHI,185
2017,11,MIA,365
2017,11,TB,275
2017,11,ATL,195
2017,11,SEA,254
2017,12,DET,264
2017,12,MIN,282
2017,12,DAL,179
2017,12,LAC,434
2017,12,NYG,121
2017,12,WAS,242
2017,12,ATL,368
2017,12,TB,283
2017,12,CIN,214
2017,12,CLE,268
2017,12,IND,196
2017,12,TEN,201
2017,12,BUF,183
2017,12,KC,199
2017,12,MIA,220
2017,12,NE,227
2017,12,CAR,168
2017,12,NYJ,308
2017,12,CHI,147
2017,12,PHI,248
2017,12,LA,344
2017,12,NO,246
2017,12,SEA,228
2017,12,SF,219
2017,12,ARI,241
2017,12,JAC,160
2017,12,DEN,191
2017,12,OAK,258
2017,12,GB,245
2017,12,PIT,351
2017,12,BAL,163
2017,12,HOU,252
2017,13,DAL,102
2017,13,WAS,251
2017,13,ATL,184
2017,13,MIN,227
2017,13,BAL,279
2017,13,DET,316
2017,13,BUF,115
2017,13,NE,258
2017,13,CHI,121
2017,13,SF,293
2017,13,GB,84
2017,13,TB,270
2017,13,IND,174
2017,13,JAC,338
2017,13,DEN,200
2017,13,MIA,239
2017,13,CAR,174
2017,13,NO,269
2017,13,KC,366
2017,13,NYJ,331
2017,13,HOU,369
2017,13,TEN,151
2017,13,CLE,215
2017,13,LAC,346
2017,13,ARI,242
2017,13,LA,220
2017,13,NYG,212
2017,13,OAK,287
2017,13,PHI,348
2017,13,SEA,228
2017,13,CIN,234
2017,13,PIT,293
2017,14,ATL,221
2017,14,NO,271
2017,14,BUF,92
2017,14,IND,69
2017,14,CAR,137
2017,14,MIN,284
2017,14,CHI,283
2017,14,CIN,186
2017,14,CLE,230
2017,14,GB,265
2017,14,HOU,238
2017,14,SF,334
2017,14,JAC,275
2017,14,SEA,274
2017,14,KC,269
2017,14,OAK,211
2017,14,DET,381
2017,14,TB,265
2017,14,ARI,178
2017,14,TEN,159
2017,14,DEN,200
2017,14,NYJ,60
2017,14,LAC,322
2017,14,WAS,151
2017,14,LA,209
2017,14,PHI,333
2017,14,DAL,332
2017,14,NYG,228
2017,14,BAL,269
2017,14,PIT,508
2017,14,MIA,271
2017,14,NE,233
2017,15,DEN,261
2017,15,IND,158
2017,15,CHI,314
2017,15,DET,237
2017,15,KC,231
2017,15,LAC,227
2017,15,BUF,224
2017,15,MIA,274
2017,15,CAR,242
2017,15,GB,290
2017,15,BAL,288
2017,15,CLE,146
2017,15,HOU,122
2017,15,JAC,326
2017,15,CIN,132
2017,15,MIN,236
2017,15,NO,328
2017,15,NYJ,179
2017,15,NYG,434
2017,15,PHI,237
2017,15,ARI,190
2017,15,WAS,196
2017,15,LA,125
2017,15,SEA,180
2017,15,NE,298
2017,15,PIT,291
2017,15,SF,381
2017,15,TEN,256
2017,15,DAL,213
2017,15,OAK,167
2017,15,ATL,212
2017,15,TB,332
2017,16,BAL,237
2017,16,IND,215
2017,16,GB,130
2017,16,MIN,139
2017,16,CAR,160
2017,16,TB,367
2017,16,CHI,165
2017,16,CLE,182
2017,16,CIN,238
2017,16,DET,203
2017,16,KC,304
2017,16,MIA,289
2017,16,BUF,285
2017,16,NE,224
2017,16,ATL,288
2017,16,NO,239
2017,16,LAC,290
2017,16,NYJ,121
2017,16,LA,302
2017,16,TEN,275
2017,16,DEN,195
2017,16,WAS,299
2017,16,JAC,374
2017,16,SF,242
2017,16,ARI,239
2017,16,NYG,277
2017,16,DAL,182
2017,16,SEA,93
2017,16,HOU,93
2017,16,PIT,231
2017,16,OAK,163
2017,16,PHI,163
2017,17,ATL,329
2017,17,CAR,180
2017,17,BAL,222
2017,17,CIN,246
2017,17,DET,323
2017,17,GB,193
2017,17,HOU,137
2017,17,IND,114
2017,17,BUF,207
2017,17,MIA,271
2017,17,CHI,178
2017,17,MIN,189
2017,17,NE,195
2017,17,NYJ,232
2017,17,NYG,132
2017,17,WAS,158
2017,17,DAL,179
2017,17,PHI,173
2017,17,CLE,316
2017,17,PIT,239
2017,17,NO,245
2017,17,TB,363
2017,17,JAC,159
2017,17,TEN,134
2017,17,DEN,281
2017,17,KC,284
2017,17,LAC,387
2017,17,OAK,243
2017,17,LA,169
2017,17,SF,292
2017,17,ARI,145
2017,17,SEA,221
