Season,Week,Team,RushYards
2009,1,PIT,36
2009,1,TEN,86
2009,1,ATL,72
2009,1,MIA,96
2009,1,BAL,198
2009,1,KC,29
2009,1,CAR,88
2009,1,PHI,185
2009,1,CIN,96
2009,1,DEN,75
2009,1,CLE,89
2009,1,MIN,226
2009,1,HOU,38
2009,1,NYJ,196
2009,1,IND,78
2009,1,JAC,114
2009,1,DET,34
2009,1,NO,157
2009,1,DAL,129
2009,1,TB,174
2009,1,ARI,40
2009,1,SF,21
2009,1,NYG,106
2009,1,WAS,85
2009,1,SEA,167
2009,1,STL,77
2009,1,CHI,86
2009,1,GB,78
2009,1,BUF,90
2009,1,NE,78
2009,1,OAK,149
2009,1,SD,78
2009,2,ATL,151
2009,2,CAR,143
2009,2,DET,134
2009,2,MIN,111
2009,2,CIN,151
2009,2,GB,89
2009,2,ARI,122
2009,2,JAC,90
2009,2,KC,173
2009,2,OAK,70
2009,2,NE,83
2009,2,NYJ,119
2009,2,NO,124
2009,2,PHI,85
2009,2,HOU,66
2009,2,TEN,237
2009,2,STL,130
2009,2,WAS,129
2009,2,BUF,222
2009,2,TB,57
2009,2,SEA,66
2009,2,SF,259
2009,2,CHI,44
2009,2,PIT,106
2009,2,CLE,55
2009,2,DEN,188
2009,2,BAL,132
2009,2,SD,53
2009,2,DAL,251
2009,2,NYG,97
2009,2,IND,61
2009,2,MIA,239
2009,3,BAL,144
2009,3,CLE,71
2009,3,CIN,100
2009,3,PIT,102
2009,3,DET,156
2009,3,WAS,65
2009,3,HOU,111
2009,3,JAC,187
2009,3,MIN,93
2009,3,SF,58
2009,3,ATL,59
2009,3,NE,170
2009,3,KC,99
2009,3,PHI,95
2009,3,GB,155
2009,3,STL,151
2009,3,NYG,228
2009,3,TB,29
2009,3,BUF,89
2009,3,NO,226
2009,3,CHI,84
2009,3,SEA,103
2009,3,NYJ,87
2009,3,TEN,127
2009,3,DEN,216
2009,3,OAK,103
2009,3,MIA,149
2009,3,SD,69
2009,3,ARI,24
2009,3,IND,127
2009,3,CAR,74
2009,3,DAL,214
2009,4,CHI,151
2009,4,DET,90
2009,4,CIN,156
2009,4,CLE,151
2009,4,HOU,128
2009,4,OAK,45
2009,4,IND,79
2009,4,SEA,61
2009,4,JAC,140
2009,4,TEN,95
2009,4,KC,105
2009,4,NYG,156
2009,4,BAL,116
2009,4,NE,87
2009,4,TB,130
2009,4,WAS,139
2009,4,BUF,46
2009,4,MIA,250
2009,4,NO,155
2009,4,NYJ,132
2009,4,DAL,74
2009,4,DEN,117
2009,4,SF,98
2009,4,STL,106
2009,4,PIT,179
2009,4,SD,16
2009,4,GB,82
2009,4,MIN,65
2009,5,BAL,82
2009,5,CIN,143
2009,5,BUF,145
2009,5,CLE,171
2009,5,CAR,89
2009,5,WAS,74
2009,5,DET,112
2009,5,PIT,85
2009,5,DAL,155
2009,5,KC,72
2009,5,NYG,220
2009,5,OAK,60
2009,5,PHI,78
2009,5,TB,157
2009,5,MIN,89
2009,5,STL,124
2009,5,ATL,149
2009,5,SF,100
2009,5,ARI,44
2009,5,HOU,45
2009,5,DEN,103
2009,5,NE,97
2009,5,JAC,38
2009,5,SEA,147
2009,5,IND,58
2009,5,TEN,91
2009,5,MIA,151
2009,5,NYJ,138
2009,6,CIN,46
2009,6,HOU,104
2009,6,DET,78
2009,6,GB,109
2009,6,JAC,167
2009,6,STL,55
2009,6,BAL,81
2009,6,MIN,167
2009,6,NO,130
2009,6,NYG,85
2009,6,CLE,92
2009,6,PIT,143
2009,6,CAR,267
2009,6,TB,124
2009,6,KC,108
2009,6,WAS,118
2009,6,OAK,121
2009,6,PHI,67
2009,6,ARI,62
2009,6,SEA,14
2009,6,NE,200
2009,6,TEN,198
2009,6,BUF,142
2009,6,NYJ,318
2009,6,ATL,73
2009,6,CHI,84
2009,6,DEN,102
2009,6,SD,73
2009,7,CHI,39
2009,7,CIN,215
2009,7,CLE,56
2009,7,GB,202
2009,7,HOU,91
2009,7,SF,59
2009,7,KC,124
2009,7,SD,138
2009,7,MIN,90
2009,7,PIT,106
2009,7,IND,155
2009,7,STL,155
2009,7,NE,110
2009,7,TB,89
2009,7,BUF,56
2009,7,CAR,116
2009,7,NYJ,317
2009,7,OAK,119
2009,7,ATL,124
2009,7,DAL,116
2009,7,MIA,137
2009,7,NO,138
2009,7,ARI,74
2009,7,NYG,108
2009,7,PHI,128
2009,7,WAS,61
2009,8,BAL,124
2009,8,DEN,66
2009,8,BUF,97
2009,8,HOU,190
2009,8,CHI,172
2009,8,CLE,118
2009,8,DAL,115
2009,8,SEA,79
2009,8,DET,127
2009,8,STL,154
2009,8,GB,90
2009,8,MIN,111
2009,8,IND,61
2009,8,SF,113
2009,8,MIA,57
2009,8,NYJ,129
2009,8,OAK,99
2009,8,SD,103
2009,8,JAC,217
2009,8,TEN,307
2009,8,ARI,94
2009,8,CAR,271
2009,8,NYG,141
2009,8,PHI,181
2009,8,ATL,161
2009,8,NO,147
2009,9,ATL,220
2009,9,WAS,136
2009,9,ARI,182
2009,9,CHI,70
2009,9,BAL,58
2009,9,CIN,147
2009,9,HOU,81
2009,9,IND,72
2009,9,JAC,175
2009,9,KC,60
2009,9,MIA,133
2009,9,NE,109
2009,9,GB,170
2009,9,TB,81
2009,9,CAR,181
2009,9,NO,85
2009,9,DET,114
2009,9,SEA,55
2009,9,NYG,116
2009,9,SD,34
2009,9,SF,108
2009,9,TEN,194
2009,9,DAL,79
2009,9,PHI,89
2009,9,DEN,27
2009,9,PIT,176
2009,10,CHI,43
2009,10,SF,110
2009,10,ATL,176
2009,10,CAR,186
2009,10,MIA,199
2009,10,TB,124
2009,10,DET,93
2009,10,MIN,156
2009,10,JAC,142
2009,10,NYJ,110
2009,10,CIN,66
2009,10,PIT,80
2009,10,NO,203
2009,10,STL,141
2009,10,BUF,89
2009,10,TEN,166
2009,10,DEN,120
2009,10,WAS,174
2009,10,KC,113
2009,10,OAK,182
2009,10,ARI,132
2009,10,SEA,164
2009,10,DAL,61
2009,10,GB,106
2009,10,PHI,29
2009,10,SD,120
2009,10,IND,91
2009,10,NE,114
2009,10,BAL,134
2009,10,CLE,87
2009,11,CAR,182
2009,11,MIA,154
2009,11,BAL,96
2009,11,IND,77
2009,11,DAL,154
2009,11,WAS,78
2009,11,CLE,120
2009,11,DET,57
2009,11,GB,162
2009,11,SF,69
2009,11,BUF,62
2009,11,JAC,103
2009,11,KC,69
2009,11,PIT,114
2009,11,MIN,161
2009,11,SEA,4
2009,11,ATL,91
2009,11,NYG,88
2009,11,NO,186
2009,11,TB,119
2009,11,ARI,198
2009,11,STL,123
2009,11,DEN,115
2009,11,SD,203
2009,11,NE,111
2009,11,NYJ,104
2009,11,CIN,177
2009,11,OAK,94
2009,11,CHI,126
2009,11,PHI,159
2009,11,HOU,57
2009,11,TEN,229
2009,12,DET,73
2009,12,GB,79
2009,12,DAL,196
2009,12,OAK,124
2009,12,DEN,139
2009,12,NYG,57
2009,12,ATL,78
2009,12,TB,73
2009,12,BUF,131
2009,12,MIA,157
2009,12,CIN,216
2009,12,CLE,58
2009,12,HOU,123
2009,12,IND,116
2009,12,CHI,43
2009,12,MIN,173
2009,12,CAR,75
2009,12,NYJ,139
2009,12,PHI,125
2009,12,WAS,82
2009,12,SEA,171
2009,12,STL,114
2009,12,ARI,71
2009,12,TEN,163
2009,12,KC,114
2009,12,SD,99
2009,12,JAC,96
2009,12,SF,54
2009,12,BAL,134
2009,12,PIT,153
2009,12,NE,121
2009,12,NO,114
2009,13,BUF,124
2009,13,NYJ,251
2009,13,ATL,61
2009,13,PHI,103
2009,13,CAR,158
2009,13,TB,154
2009,13,CHI,122
2009,13,STL,135
2009,13,CIN,123
2009,13,DET,81
2009,13,IND,90
2009,13,TEN,152
2009,13,HOU,72
2009,13,JAC,110
2009,13,DEN,249
2009,13,KC,94
2009,13,OAK,109
2009,13,PIT,133
2009,13,NO,55
2009,13,WAS,89
2009,13,CLE,115
2009,13,SD,94
2009,13,ARI,114
2009,13,MIN,62
2009,13,DAL,46
2009,13,NYG,105
2009,13,SEA,107
2009,13,SF,54
2009,13,MIA,89
2009,13,NE,96
2009,13,BAL,67
2009,13,GB,95
2009,14,CLE,171
2009,14,PIT,75
2009,14,ATL,89
2009,14,NO,103
2009,14,BAL,308
2009,14,DET,103
2009,14,CHI,60
2009,14,GB,154
2009,14,HOU,85
2009,14,SEA,62
2009,14,DEN,95
2009,14,IND,95
2009,14,JAC,95
2009,14,MIA,145
2009,14,BUF,200
2009,14,KC,152
2009,14,CIN,119
2009,14,MIN,139
2009,14,CAR,126
2009,14,NE,187
2009,14,NYJ,176
2009,14,TB,44
2009,14,STL,37
2009,14,TEN,161
2009,14,OAK,63
2009,14,WAS,101
2009,14,DAL,114
2009,14,SD,74
2009,14,NYG,133
2009,14,PHI,78
2009,14,ARI,95
2009,14,SF,192
2009,15,IND,64
2009,15,JAC,139
2009,15,DAL,146
2009,15,NO,66
2009,15,BAL,125
2009,15,CHI,122
2009,15,BUF,105
2009,15,NE,112
2009,15,ARI,119
2009,15,DET,161
2009,15,CLE,352
2009,15,KC,168
2009,15,ATL,88
2009,15,NYJ,99
2009,15,PHI,119
2009,15,SF,107
2009,15,GB,60
2009,15,PIT,65
2009,15,HOU,56
2009,15,STL,88
2009,15,MIA,121
2009,15,TEN,142
2009,15,DEN,80
2009,15,OAK,241
2009,15,CIN,114
2009,15,SD,70
2009,15,SEA,127
2009,15,TB,136
2009,15,CAR,127
2009,15,MIN,41
2009,15,NYG,116
2009,15,WAS,89
2009,16,SD,170
2009,16,TEN,182
2009,16,ATL,158
2009,16,BUF,41
2009,16,CIN,144
2009,16,KC,123
2009,16,CLE,173
2009,16,OAK,88
2009,16,GB,155
2009,16,SEA,115
2009,16,HOU,128
2009,16,MIA,60
2009,16,CAR,298
2009,16,NYG,69
2009,16,JAC,98
2009,16,NE,197
2009,16,NO,124
2009,16,TB,177
2009,16,DEN,70
2009,16,PHI,105
2009,16,BAL,175
2009,16,PIT,51
2009,16,ARI,113
2009,16,STL,88
2009,16,DET,115
2009,16,SF,87
2009,16,IND,64
2009,16,NYJ,203
2009,16,DAL,109
2009,16,WAS,43
2009,16,CHI,106
2009,16,MIN,123
2010,17,BUF,257
2010,17,IND,32
2010,17,CAR,179
2010,17,NO,111
2010,17,CLE,214
2010,17,JAC,131
2010,17,DAL,182
2010,17,PHI,37
2010,17,CHI,150
2010,17,DET,101
2010,17,HOU,146
2010,17,NE,73
2010,17,MIA,90
2010,17,PIT,203
2010,17,MIN,132
2010,17,NYG,35
2010,17,CIN,72
2010,17,NYJ,258
2010,17,SF,127
2010,17,STL,87
2010,17,ATL,183
2010,17,TB,38
2010,17,ARI,46
2010,17,GB,112
2010,17,DEN,84
2010,17,KC,317
2010,17,BAL,242
2010,17,OAK,51
2010,17,SD,51
2010,17,WAS,64
2010,17,SEA,141
2010,17,TEN,191
2010,1,MIN,91
2010,1,NO,82
2010,1,CLE,104
2010,1,TB,139
2010,1,BUF,55
2010,1,MIA,132
2010,1,CIN,93
2010,1,NE,118
2010,1,HOU,260
2010,1,IND,44
2010,1,DEN,89
2010,1,JAC,137
2010,1,OAK,150
2010,1,TEN,209
2010,1,CAR,89
2010,1,NYG,120
2010,1,CHI,102
2010,1,DET,24
2010,1,ARI,116
2010,1,STL,85
2010,1,ATL,58
2010,1,PIT,143
2010,1,GB,135
2010,1,PHI,150
2010,1,SEA,77
2010,1,SF,49
2010,1,DAL,103
2010,1,WAS,89
2010,1,BAL,52
2010,1,NYJ,117
2010,1,KC,136
2010,1,SD,110
2010,2,HOU,58
2010,2,WAS,18
2010,2,BUF,124
2010,2,GB,91
2010,2,MIA,121
2010,2,MIN,156
2010,2,CLE,73
2010,2,KC,142
2010,2,PIT,106
2010,2,TEN,47
2010,2,CHI,41
2010,2,DAL,37
2010,2,DET,116
2010,2,PHI,196
2010,2,ARI,124
2010,2,ATL,228
2010,2,CAR,119
2010,2,TB,95
2010,2,DEN,70
2010,2,SEA,110
2010,2,OAK,178
2010,2,STL,75
2010,2,NE,52
2010,2,NYJ,139
2010,2,BAL,110
2010,2,CIN,96
2010,2,JAC,72
2010,2,SD,152
2010,2,IND,160
2010,2,NYG,120
2010,2,NO,50
2010,2,SF,142
2010,3,NYG,107
2010,3,TEN,165
2010,3,CAR,86
2010,3,CIN,117
2010,3,PIT,201
2010,3,TB,76
2010,3,BUF,136
2010,3,NE,203
2010,3,BAL,113
2010,3,CLE,173
2010,3,DET,63
2010,3,MIN,185
2010,3,ATL,203
2010,3,NO,43
2010,3,STL,133
2010,3,WAS,117
2010,3,DAL,102
2010,3,HOU,124
2010,3,KC,207
2010,3,SF,43
2010,3,JAC,130
2010,3,PHI,89
2010,3,DEN,48
2010,3,IND,41
2010,3,ARI,119
2010,3,OAK,138
2010,3,SD,89
2010,3,SEA,69
2010,3,MIA,84
2010,3,NYJ,151
2010,3,CHI,77
2010,3,GB,76
2010,4,BUF,114
2010,4,NYJ,273
2010,4,CIN,67
2010,4,CLE,119
2010,4,BAL,71
2010,4,PIT,84
2010,4,DEN,19
2010,4,TEN,122
2010,4,DET,125
2010,4,GB,93
2010,4,ATL,98
2010,4,SF,81
2010,4,CAR,118
2010,4,NO,122
2010,4,SEA,61
2010,4,STL,88
2010,4,IND,59
2010,4,JAC,174
2010,4,HOU,250
2010,4,OAK,118
2010,4,PHI,110
2010,4,WAS,170
2010,4,ARI,47
2010,4,SD,185
2010,4,CHI,59
2010,4,NYG,191
2010,4,MIA,95
2010,4,NE,123
2010,5,BUF,117
2010,5,JAC,216
2010,5,BAL,234
2010,5,DEN,39
2010,5,IND,100
2010,5,KC,114
2010,5,GB,157
2010,5,WAS,48
2010,5,DET,92
2010,5,STL,128
2010,5,CAR,85
2010,5,CHI,211
2010,5,CIN,149
2010,5,TB,126
2010,5,ATL,168
2010,5,CLE,48
2010,5,HOU,25
2010,5,NYG,120
2010,5,ARI,41
2010,5,NO,83
2010,5,DAL,141
2010,5,TEN,160
2010,5,OAK,113
2010,5,SD,92
2010,5,PHI,127
2010,5,SF,74
2010,5,MIN,107
2010,5,NYJ,169
2010,6,GB,77
2010,6,MIA,151
2010,6,SD,79
2010,6,STL,121
2010,6,BAL,101
2010,6,NE,128
2010,6,CLE,70
2010,6,PIT,121
2010,6,HOU,132
2010,6,KC,228
2010,6,DET,64
2010,6,NYG,168
2010,6,ATL,65
2010,6,PHI,155
2010,6,CHI,61
2010,6,SEA,114
2010,6,NO,214
2010,6,TB,43
2010,6,DEN,145
2010,6,NYJ,130
2010,6,OAK,111
2010,6,SF,170
2010,6,DAL,94
2010,6,MIN,95
2010,6,IND,171
2010,6,WAS,120
2010,6,JAC,76
2010,6,TEN,154
2010,7,ATL,153
2010,7,CIN,83
2010,7,MIA,64
2010,7,PIT,59
2010,7,BAL,136
2010,7,BUF,142
2010,7,JAC,84
2010,7,KC,236
2010,7,CLE,61
2010,7,NO,58
2010,7,CHI,66
2010,7,WAS,125
2010,7,CAR,84
2010,7,SF,99
2010,7,STL,162
2010,7,TB,159
2010,7,PHI,95
2010,7,TEN,80
2010,7,ARI,113
2010,7,SEA,145
2010,7,NE,52
2010,7,SD,39
2010,7,DEN,75
2010,7,OAK,331
2010,7,GB,85
2010,7,MIN,197
2010,7,DAL,41
2010,7,NYG,210
2010,8,DEN,59
2010,8,SF,137
2010,8,DAL,51
2010,8,JAC,149
2010,8,CIN,106
2010,8,MIA,144
2010,8,BUF,140
2010,8,KC,274
2010,8,DET,102
2010,8,WAS,80
2010,8,CAR,25
2010,8,STL,64
2010,8,GB,82
2010,8,NYJ,120
2010,8,SD,157
2010,8,TEN,66
2010,8,MIN,125
2010,8,NE,124
2010,8,ARI,90
2010,8,TB,154
2010,8,OAK,235
2010,8,SEA,47
2010,8,NO,32
2010,8,PIT,109
2010,8,HOU,108
2010,8,IND,106
2010,9,DET,78
2010,9,NYJ,107
2010,9,BAL,148
2010,9,MIA,73
2010,9,CLE,230
2010,9,NE,69
2010,9,HOU,140
2010,9,SD,84
2010,9,BUF,46
2010,9,CHI,105
2010,9,ARI,53
2010,9,MIN,81
2010,9,ATL,131
2010,9,TB,96
2010,9,CAR,127
2010,9,NO,165
2010,9,NYG,195
2010,9,SEA,49
2010,9,IND,62
2010,9,PHI,197
2010,9,KC,107
2010,9,OAK,112
2010,9,DAL,39
2010,9,GB,139
2010,9,CIN,54
2010,9,PIT,122
2010,10,ATL,60
2010,10,BAL,117
2010,10,MIA,86
2010,10,TEN,135
2010,10,CLE,108
2010,10,NYJ,172
2010,10,CIN,72
2010,10,IND,76
2010,10,HOU,81
2010,10,JAC,165
2010,10,CHI,134
2010,10,MIN,72
2010,10,CAR,118
2010,10,TB,189
2010,10,BUF,150
2010,10,DET,76
2010,10,DEN,154
2010,10,KC,51
2010,10,DAL,107
2010,10,NYG,107
2010,10,ARI,52
2010,10,SEA,114
2010,10,SF,98
2010,10,STL,104
2010,10,NE,103
2010,10,PIT,76
2010,10,PHI,261
2010,10,WAS,105
2010,11,CHI,137
2010,11,MIA,46
2010,11,BAL,101
2010,11,CAR,118
2010,11,HOU,97
2010,11,NYJ,104
2010,11,BUF,153
2010,11,CIN,137
2010,11,OAK,61
2010,11,PIT,163
2010,11,CLE,89
2010,11,JAC,145
2010,11,DAL,133
2010,11,DET,75
2010,11,GB,91
2010,11,MIN,93
2010,11,NO,112
2010,11,SEA,58
2010,11,TEN,151
2010,11,WAS,107
2010,11,ARI,101
2010,11,KC,159
2010,11,ATL,138
2010,11,STL,71
2010,11,SF,71
2010,11,TB,163
2010,11,IND,71
2010,11,NE,170
2010,11,NYG,61
2010,11,PHI,149
2010,11,DEN,63
2010,11,SD,150
2010,12,DET,129
2010,12,NE,111
2010,12,DAL,138
2010,12,NO,84
2010,12,CIN,47
2010,12,NYJ,174
2010,12,JAC,207
2010,12,NYG,137
2010,12,BUF,76
2010,12,PIT,212
2010,12,HOU,190
2010,12,TEN,24
2010,12,MIN,140
2010,12,WAS,29
2010,12,CHI,133
2010,12,PHI,105
2010,12,ATL,117
2010,12,GB,78
2010,12,BAL,98
2010,12,TB,102
2010,12,CAR,151
2010,12,CLE,156
2010,12,KC,273
2010,12,SEA,22
2010,12,MIA,191
2010,12,OAK,18
2010,12,DEN,119
2010,12,STL,124
2010,12,IND,24
2010,12,SD,131
2010,12,ARI,13
2010,12,SF,262
2010,13,HOU,108
2010,13,PHI,115
2010,13,BUF,84
2010,13,MIN,210
2010,13,CLE,57
2010,13,MIA,114
2010,13,JAC,268
2010,13,TEN,57
2010,13,DEN,161
2010,13,KC,237
2010,13,NYG,198
2010,13,WAS,74
2010,13,CHI,117
2010,13,DET,134
2010,13,GB,138
2010,13,SF,97
2010,13,ATL,88
2010,13,TB,151
2010,13,CIN,96
2010,13,NO,152
2010,13,OAK,253
2010,13,SD,21
2010,13,DAL,219
2010,13,IND,41
2010,13,ARI,105
2010,13,STL,134
2010,13,CAR,131
2010,13,SEA,162
2010,13,BAL,44
2010,13,PIT,55
2010,13,NE,101
2010,13,NYJ,152
2010,14,IND,87
2010,14,TEN,121
2010,14,CHI,47
2010,14,NE,126
2010,14,BUF,192
2010,14,CLE,107
2010,14,CIN,35
2010,14,PIT,123
2010,14,JAC,235
2010,14,OAK,160
2010,14,TB,105
2010,14,WAS,188
2010,14,DET,190
2010,14,GB,66
2010,14,ATL,127
2010,14,CAR,212
2010,14,NO,132
2010,14,STL,136
2010,14,SEA,79
2010,14,SF,97
2010,14,MIA,110
2010,14,NYJ,87
2010,14,ARI,211
2010,14,DEN,134
2010,14,KC,49
2010,14,SD,207
2010,14,DAL,110
2010,14,PHI,174
2010,14,BAL,63
2010,14,HOU,111
2010,14,MIN,62
2010,14,NYG,213
2010,15,SD,110
2010,15,SF,62
2010,15,KC,209
2010,15,STL,70
2010,15,BUF,71
2010,15,MIA,65
2010,15,CIN,191
2010,15,CLE,59
2010,15,IND,155
2010,15,JAC,66
2010,15,HOU,30
2010,15,TEN,149
2010,15,DAL,132
2010,15,WAS,56
2010,15,NYG,100
2010,15,PHI,198
2010,15,ARI,43
2010,15,CAR,179
2010,15,DET,181
2010,15,TB,176
2010,15,BAL,208
2010,15,NO,27
2010,15,ATL,102
2010,15,SEA,92
2010,15,NYJ,106
2010,15,PIT,147
2010,15,DEN,106
2010,15,OAK,267
2010,15,GB,143
2010,15,NE,113
2010,15,CHI,105
2010,15,MIN,114
2010,16,CAR,74
2010,16,PIT,117
2010,16,ARI,93
2010,16,DAL,186
2010,16,CHI,122
2010,16,NYJ,124
2010,16,BUF,127
2010,16,NE,220
2010,16,BAL,162
2010,16,CLE,102
2010,16,KC,152
2010,16,TEN,58
2010,16,SEA,91
2010,16,TB,208
2010,16,SF,85
2010,16,STL,60
2010,16,DET,67
2010,16,MIA,159
2010,16,JAC,78
2010,16,WAS,79
2010,16,DEN,129
2010,16,HOU,91
2010,16,IND,193
2010,16,OAK,80
2010,16,GB,119
2010,16,NYG,96
2010,16,CIN,104
2010,16,SD,66
2010,16,ATL,77
2010,16,NO,74
2010,16,MIN,165
2010,16,PHI,107
2011,17,MIA,44
2011,17,NE,182
2011,17,BUF,37
2011,17,NYJ,277
2011,17,BAL,100
2011,17,CIN,90
2011,17,CLE,45
2011,17,PIT,100
2011,17,HOU,245
2011,17,JAC,198
2011,17,IND,101
2011,17,TEN,52
2011,17,KC,115
2011,17,OAK,210
2011,17,DAL,160
2011,17,PHI,124
2011,17,NYG,83
2011,17,WAS,67
2011,17,DET,107
2011,17,MIN,74
2011,17,CHI,110
2011,17,GB,66
2011,17,ATL,98
2011,17,CAR,137
2011,17,NO,106
2011,17,TB,85
2011,17,DEN,147
2011,17,SD,164
2011,17,ARI,78
2011,17,SF,101
2011,17,SEA,143
2011,17,STL,47
2011,1,GB,104
2011,1,NO,81
2011,1,BAL,171
2011,1,PIT,66
2011,1,CIN,139
2011,1,CLE,84
2011,1,HOU,177
2011,1,IND,66
2011,1,JAC,164
2011,1,TEN,43
2011,1,BUF,164
2011,1,KC,108
2011,1,ATL,110
2011,1,CHI,100
2011,1,DET,132
2011,1,TB,56
2011,1,PHI,239
2011,1,STL,163
2011,1,NYG,75
2011,1,WAS,52
2011,1,ARI,101
2011,1,CAR,74
2011,1,SEA,64
2011,1,SF,87
2011,1,MIN,160
2011,1,SD,80
2011,1,DAL,65
2011,1,NYJ,45
2011,1,MIA,99
2011,1,NE,106
2011,1,DEN,38
2011,1,OAK,194
2011,2,DET,89
2011,2,KC,151
2011,2,BUF,217
2011,2,OAK,133
2011,2,BAL,45
2011,2,TEN,75
2011,2,JAC,112
2011,2,NYJ,101
2011,2,CLE,109
2011,2,IND,110
2011,2,ARI,93
2011,2,WAS,177
2011,2,MIN,189
2011,2,TB,105
2011,2,CAR,71
2011,2,GB,126
2011,2,CHI,60
2011,2,NO,118
2011,2,PIT,126
2011,2,SEA,31
2011,2,DAL,46
2011,2,SF,74
2011,2,NE,95
2011,2,SD,100
2011,2,CIN,74
2011,2,DEN,133
2011,2,HOU,139
2011,2,MIA,153
2011,2,ATL,142
2011,2,PHI,136
2011,2,NYG,122
2011,2,STL,61
2011,3,CAR,119
2011,3,JAC,128
2011,3,HOU,109
2011,3,NO,102
2011,3,BUF,80
2011,3,NE,108
2011,3,CLE,72
2011,3,MIA,149
2011,3,DEN,59
2011,3,TEN,59
2011,3,NYG,105
2011,3,PHI,177
2011,3,DET,21
2011,3,MIN,132
2011,3,CIN,88
2011,3,SF,50
2011,3,NYJ,101
2011,3,OAK,235
2011,3,KC,81
2011,3,SD,119
2011,3,BAL,176
2011,3,STL,112
2011,3,CHI,14
2011,3,GB,103
2011,3,ARI,90
2011,3,SEA,122
2011,3,ATL,30
2011,3,TB,116
2011,3,IND,97
2011,3,PIT,68
2011,3,DAL,126
2011,3,WAS,65
2011,4,BUF,83
2011,4,CIN,164
2011,4,CLE,83
2011,4,TEN,112
2011,4,HOU,181
2011,4,PIT,118
2011,4,DAL,113
2011,4,DET,64
2011,4,PHI,108
2011,4,SF,165
2011,4,CAR,169
2011,4,CHI,224
2011,4,STL,45
2011,4,WAS,196
2011,4,JAC,105
2011,4,NO,178
2011,4,KC,104
2011,4,MIN,151
2011,4,ARI,157
2011,4,NYG,57
2011,4,ATL,122
2011,4,SEA,53
2011,4,DEN,120
2011,4,GB,112
2011,4,NE,184
2011,4,OAK,160
2011,4,MIA,73
2011,4,SD,120
2011,4,BAL,116
2011,4,NYJ,38
2011,4,IND,62
2011,4,TB,204
2011,5,PIT,174
2011,5,TEN,56
2011,5,HOU,70
2011,5,OAK,94
2011,5,IND,79
2011,5,KC,198
2011,5,CIN,77
2011,5,JAC,97
2011,5,NYG,69
2011,5,SEA,145
2011,5,ARI,77
2011,5,MIN,174
2011,5,CAR,162
2011,5,NO,101
2011,5,BUF,146
2011,5,PHI,174
2011,5,SF,218
2011,5,TB,86
2011,5,NE,152
2011,5,NYJ,97
2011,5,DEN,163
2011,5,SD,206
2011,5,ATL,96
2011,5,GB,60
2011,5,CHI,123
2011,5,DET,181
2011,6,BUF,155
2011,6,NYG,131
2011,6,CIN,95
2011,6,IND,94
2011,6,JAC,133
2011,6,PIT,186
2011,6,PHI,178
2011,6,WAS,42
2011,6,DET,66
2011,6,SF,203
2011,6,GB,99
2011,6,STL,125
2011,6,ATL,166
2011,6,CAR,150
2011,6,CLE,60
2011,6,OAK,152
2011,6,BAL,115
2011,6,HOU,93
2011,6,NO,70
2011,6,TB,119
2011,6,DAL,77
2011,6,NE,101
2011,6,CHI,119
2011,6,MIN,53
2011,6,MIA,118
2011,6,NYJ,104
2011,7,DEN,187
2011,7,MIA,95
2011,7,NYJ,163
2011,7,SD,97
2011,7,HOU,222
2011,7,TEN,53
2011,7,ATL,130
2011,7,DET,104
2011,7,CAR,173
2011,7,WAS,93
2011,7,CHI,178
2011,7,TB,30
2011,7,CLE,144
2011,7,SEA,68
2011,7,ARI,73
2011,7,PIT,93
2011,7,KC,141
2011,7,OAK,155
2011,7,GB,115
2011,7,MIN,218
2011,7,DAL,295
2011,7,STL,71
2011,7,IND,153
2011,7,NO,232
2011,7,BAL,34
2011,7,JAC,136
2011,8,MIA,146
2011,8,NYG,64
2011,8,HOU,156
2011,8,JAC,85
2011,8,IND,158
2011,8,TEN,97
2011,8,CAR,140
2011,8,MIN,133
2011,8,NO,57
2011,8,STL,184
2011,8,ARI,109
2011,8,BAL,109
2011,8,DEN,193
2011,8,DET,114
2011,8,BUF,139
2011,8,WAS,23
2011,8,NE,43
2011,8,PIT,99
2011,8,CLE,72
2011,8,SF,175
2011,8,CIN,92
2011,8,SEA,61
2011,8,DAL,85
2011,8,PHI,239
2011,8,KC,95
2011,8,SD,102
2011,9,BUF,97
2011,9,NYJ,174
2011,9,CLE,44
2011,9,HOU,263
2011,9,KC,114
2011,9,MIA,109
2011,9,DAL,164
2011,9,SEA,163
2011,9,SF,140
2011,9,WAS,52
2011,9,NO,187
2011,9,TB,83
2011,9,ATL,163
2011,9,IND,83
2011,9,DEN,300
2011,9,OAK,101
2011,9,CIN,118
2011,9,TEN,78
2011,9,NE,106
2011,9,NYG,112
2011,9,GB,137
2011,9,SD,77
2011,9,ARI,70
2011,9,STL,150
2011,9,BAL,133
2011,9,PIT,71
2011,9,CHI,164
2011,9,PHI,119
2011,10,OAK,192
2011,10,SD,75
2011,10,BUF,136
2011,10,DAL,164
2011,10,CAR,113
2011,10,TEN,172
2011,10,HOU,186
2011,10,TB,90
2011,10,CIN,109
2011,10,PIT,107
2011,10,IND,85
2011,10,JAC,144
2011,10,DEN,245
2011,10,KC,134
2011,10,ARI,90
2011,10,PHI,166
2011,10,CHI,109
2011,10,DET,81
2011,10,ATL,141
2011,10,NO,41
2011,10,MIA,103
2011,10,WAS,62
2011,10,CLE,133
2011,10,STL,136
2011,10,BAL,75
2011,10,SEA,122
2011,10,NYG,93
2011,10,SF,80
2011,10,NE,62
2011,10,NYJ,111
2011,10,GB,94
2011,10,MIN,104
2011,11,DEN,128
2011,11,NYJ,83
2011,11,MIN,142
2011,11,OAK,165
2011,11,ATL,140
2011,11,TEN,41
2011,11,BUF,41
2011,11,MIA,95
2011,11,CLE,149
2011,11,JAC,108
2011,11,BAL,131
2011,11,CIN,117
2011,11,DAL,91
2011,11,WAS,61
2011,11,CAR,143
2011,11,DET,170
2011,11,GB,77
2011,11,TB,121
2011,11,ARI,80
2011,11,SF,165
2011,11,SEA,120
2011,11,STL,43
2011,11,CHI,94
2011,11,SD,52
2011,11,NYG,29
2011,11,PHI,140
2011,11,KC,126
2011,11,NE,157
2011,12,DET,150
2011,12,GB,54
2011,12,DAL,87
2011,12,MIA,89
2011,12,BAL,100
2011,12,SF,74
2011,12,BUF,86
2011,12,NYJ,138
2011,12,CIN,133
2011,12,CLE,135
2011,12,HOU,106
2011,12,JAC,105
2011,12,ATL,92
2011,12,MIN,64
2011,12,ARI,270
2011,12,STL,86
2011,12,CAR,202
2011,12,IND,105
2011,12,TB,123
2011,12,TEN,204
2011,12,SEA,124
2011,12,WAS,113
2011,12,CHI,172
2011,12,OAK,82
2011,12,NE,106
2011,12,PHI,73
2011,12,DEN,210
2011,12,SD,192
2011,12,KC,90
2011,12,PIT,110
2011,12,NO,205
2011,12,NYG,73
2011,13,PHI,132
2011,13,SEA,175
2011,13,NYJ,103
2011,13,WAS,100
2011,13,CHI,93
2011,13,KC,113
2011,13,BUF,142
2011,13,TEN,188
2011,13,MIA,211
2011,13,OAK,46
2011,13,BAL,294
2011,13,CLE,60
2011,13,CIN,104
2011,13,PIT,138
2011,13,DET,117
2011,13,NO,121
2011,13,CAR,165
2011,13,TB,83
2011,13,ATL,70
2011,13,HOU,162
2011,13,DEN,150
2011,13,MIN,129
2011,13,GB,89
2011,13,NYG,100
2011,13,ARI,103
2011,13,DAL,75
2011,13,SF,144
2011,13,STL,31
2011,13,IND,100
2011,13,NE,74
2011,13,JAC,129
2011,13,SD,142
2011,14,CLE,99
2011,14,PIT,147
2011,14,NE,81
2011,14,WAS,170
2011,14,GB,57
2011,14,OAK,80
2011,14,KC,65
2011,14,NYJ,159
2011,14,CIN,101
2011,14,HOU,145
2011,14,BAL,146
2011,14,IND,50
2011,14,DET,72
2011,14,MIN,270
2011,14,ATL,88
2011,14,CAR,157
2011,14,MIA,110
2011,14,PHI,51
2011,14,JAC,119
2011,14,TB,123
2011,14,NO,114
2011,14,TEN,60
2011,14,ARI,58
2011,14,SF,90
2011,14,CHI,159
2011,14,DEN,124
2011,14,BUF,97
2011,14,SD,152
2011,14,DAL,139
2011,14,NYG,112
2011,14,SEA,146
2011,14,STL,115
2011,15,ATL,99
2011,15,JAC,116
2011,15,DAL,162
2011,15,TB,59
2011,15,CIN,110
2011,15,STL,95
2011,15,BUF,113
2011,15,MIA,257
2011,15,IND,208
2011,15,TEN,66
2011,15,NYG,92
2011,15,WAS,124
2011,15,CHI,132
2011,15,SEA,60
2011,15,MIN,105
2011,15,NO,171
2011,15,CAR,167
2011,15,HOU,150
2011,15,GB,102
2011,15,KC,144
2011,15,DET,57
2011,15,OAK,162
2011,15,NYJ,94
2011,15,PHI,162
2011,15,ARI,70
2011,15,CLE,121
2011,15,DEN,262
2011,15,NE,142
2011,15,BAL,89
2011,15,SD,145
2011,15,PIT,84
2011,15,SF,102
2011,16,HOU,172
2011,16,IND,95
2011,16,BUF,161
2011,16,DEN,135
2011,16,MIA,116
2011,16,NE,121
2011,16,BAL,165
2011,16,CLE,117
2011,16,JAC,113
2011,16,TEN,72
2011,16,KC,135
2011,16,OAK,71
2011,16,NYG,116
2011,16,NYJ,105
2011,16,MIN,241
2011,16,WAS,199
2011,16,CAR,271
2011,16,TB,60
2011,16,ARI,59
2011,16,CIN,165
2011,16,PIT,169
2011,16,STL,164
2011,16,DET,87
2011,16,SD,70
2011,16,DAL,81
2011,16,PHI,105
2011,16,SEA,126
2011,16,SF,145
2011,16,CHI,200
2011,16,GB,83
2011,16,ATL,40
2011,16,NO,164
2012,17,MIA,84
2012,17,NYJ,129
2012,17,BUF,106
2012,17,NE,140
2012,17,BAL,221
2012,17,CIN,106
2012,17,CLE,72
2012,17,PIT,161
2012,17,HOU,152
2012,17,TEN,87
2012,17,IND,56
2012,17,JAC,193
2012,17,DAL,46
2012,17,NYG,108
2012,17,PHI,75
2012,17,WAS,130
2012,17,DET,73
2012,17,GB,82
2012,17,CHI,93
2012,17,MIN,79
2012,17,ATL,256
2012,17,TB,31
2012,17,CAR,166
2012,17,NO,203
2012,17,SF,115
2012,17,STL,111
2012,17,DEN,217
2012,17,KC,107
2012,17,OAK,103
2012,17,SD,156
2012,17,ARI,132
2012,17,SEA,178
2012,1,DAL,149
2012,1,NYG,83
2012,1,CHI,118
2012,1,IND,63
2012,1,JAC,114
2012,1,MIN,123
2012,1,BUF,196
2012,1,NYJ,118
2012,1,HOU,87
2012,1,MIA,82
2012,1,NE,163
2012,1,TEN,20
2012,1,DET,83
2012,1,STL,79
2012,1,NO,32
2012,1,WAS,154
2012,1,CLE,99
2012,1,PHI,155
2012,1,ATL,84
2012,1,KC,159
2012,1,GB,45
2012,1,SF,189
2012,1,ARI,44
2012,1,SEA,116
2012,1,CAR,10
2012,1,TB,138
2012,1,DEN,98
2012,1,PIT,77
2012,1,BAL,123
2012,1,CIN,129
2012,1,OAK,43
2012,1,SD,34
2012,2,CHI,94
2012,2,GB,112
2012,2,NYG,101
2012,2,TB,79
2012,2,CAR,229
2012,2,NO,164
2012,2,ARI,109
2012,2,NE,110
2012,2,IND,84
2012,2,MIN,96
2012,2,BAL,111
2012,2,PHI,129
2012,2,BUF,203
2012,2,KC,150
2012,2,CIN,81
2012,2,CLE,130
2012,2,HOU,220
2012,2,JAC,65
2012,2,DAL,50
2012,2,SEA,182
2012,2,STL,153
2012,2,WAS,176
2012,2,NYJ,90
2012,2,PIT,66
2012,2,SD,148
2012,2,TEN,38
2012,2,MIA,264
2012,2,OAK,23
2012,2,DET,83
2012,2,SF,161
2012,2,ATL,71
2012,2,DEN,118
2012,3,CAR,53
2012,3,NYG,125
2012,3,DAL,46
2012,3,TB,75
2012,3,CHI,106
2012,3,STL,59
2012,3,MIN,151
2012,3,SF,89
2012,3,DET,141
2012,3,TEN,59
2012,3,CIN,94
2012,3,WAS,219
2012,3,KC,273
2012,3,NO,84
2012,3,MIA,185
2012,3,NYJ,88
2012,3,BUF,140
2012,3,CLE,43
2012,3,IND,124
2012,3,JAC,187
2012,3,ARI,100
2012,3,PHI,126
2012,3,ATL,94
2012,3,SD,117
2012,3,DEN,59
2012,3,HOU,152
2012,3,OAK,120
2012,3,PIT,54
2012,3,BAL,133
2012,3,NE,79
2012,3,GB,83
2012,3,SEA,127
2012,4,BAL,101
2012,4,CLE,43
2012,4,BUF,99
2012,4,NE,247
2012,4,HOU,97
2012,4,TEN,159
2012,4,KC,127
2012,4,SD,105
2012,4,DET,55
2012,4,MIN,127
2012,4,ATL,121
2012,4,CAR,200
2012,4,SEA,179
2012,4,STL,77
2012,4,NYJ,45
2012,4,SF,249
2012,4,ARI,28
2012,4,MIA,86
2012,4,DEN,167
2012,4,OAK,58
2012,4,CIN,141
2012,4,JAC,69
2012,4,GB,106
2012,4,NO,45
2012,4,TB,80
2012,4,WAS,151
2012,4,NYG,57
2012,4,PHI,192
2012,4,CHI,95
2012,4,DAL,43
2012,5,ARI,45
2012,5,STL,115
2012,5,ATL,85
2012,5,WAS,129
2012,5,PHI,78
2012,5,PIT,136
2012,5,GB,139
2012,5,IND,120
2012,5,CLE,88
2012,5,NYG,244
2012,5,MIN,176
2012,5,TEN,54
2012,5,CIN,80
2012,5,MIA,77
2012,5,BAL,135
2012,5,KC,227
2012,5,CAR,72
2012,5,SEA,104
2012,5,CHI,214
2012,5,JAC,61
2012,5,DEN,71
2012,5,NE,254
2012,5,BUF,90
2012,5,SF,311
2012,5,NO,55
2012,5,SD,117
2012,5,HOU,169
2012,5,NYJ,74
2012,6,PIT,56
2012,6,TEN,101
2012,6,ATL,45
2012,6,OAK,158
2012,6,KC,80
2012,6,TB,150
2012,6,IND,42
2012,6,NYJ,253
2012,6,CIN,76
2012,6,CLE,111
2012,6,DET,138
2012,6,PHI,71
2012,6,MIA,37
2012,6,STL,162
2012,6,BAL,87
2012,6,DAL,226
2012,6,ARI,182
2012,6,BUF,165
2012,6,NE,87
2012,6,SEA,87
2012,6,NYG,152
2012,6,SF,80
2012,6,MIN,88
2012,6,WAS,190
2012,6,GB,99
2012,6,HOU,90
2012,6,DEN,59
2012,6,SD,90
2012,7,SEA,138
2012,7,SF,178
2012,7,NYG,65
2012,7,WAS,252
2012,7,ARI,126
2012,7,MIN,166
2012,7,CAR,112
2012,7,DAL,86
2012,7,NO,81
2012,7,TB,98
2012,7,GB,66
2012,7,STL,108
2012,7,BAL,55
2012,7,HOU,183
2012,7,CLE,55
2012,7,IND,148
2012,7,BUF,166
2012,7,TEN,199
2012,7,NE,131
2012,7,NYJ,106
2012,7,JAC,55
2012,7,OAK,70
2012,7,CIN,81
2012,7,PIT,168
2012,7,CHI,172
2012,7,DET,99
2012,8,MIN,140
2012,8,TB,163
2012,8,GB,67
2012,8,JAC,62
2012,8,MIA,101
2012,8,NYJ,105
2012,8,CLE,135
2012,8,SD,117
2012,8,IND,172
2012,8,TEN,112
2012,8,NE,155
2012,8,STL,107
2012,8,ATL,146
2012,8,PHI,83
2012,8,CAR,119
2012,8,CHI,79
2012,8,DET,84
2012,8,SEA,133
2012,8,PIT,140
2012,8,WAS,89
2012,8,KC,103
2012,8,OAK,136
2012,8,DAL,26
2012,8,NYG,103
2012,8,DEN,226
2012,8,NO,52
2012,8,ARI,7
2012,8,SF,113
2012,9,KC,114
2012,9,SD,125
2012,9,CAR,129
2012,9,WAS,155
2012,9,ARI,54
2012,9,GB,180
2012,9,DET,151
2012,9,JAC,64
2012,9,CHI,163
2012,9,TEN,159
2012,9,CIN,91
2012,9,DEN,70
2012,9,BAL,138
2012,9,CLE,117
2012,9,BUF,78
2012,9,HOU,119
2012,9,IND,98
2012,9,MIA,85
2012,9,MIN,245
2012,9,SEA,197
2012,9,OAK,22
2012,9,TB,284
2012,9,NYG,68
2012,9,PIT,165
2012,9,ATL,123
2012,9,DAL,65
2012,9,NO,181
2012,9,PHI,221
2012,10,IND,142
2012,10,JAC,37
2012,10,CAR,56
2012,10,DEN,63
2012,10,SD,103
2012,10,TB,74
2012,10,MIA,55
2012,10,TEN,180
2012,10,BUF,162
2012,10,NE,118
2012,10,BAL,70
2012,10,OAK,72
2012,10,CIN,78
2012,10,NYG,129
2012,10,ATL,46
2012,10,NO,149
2012,10,DET,60
2012,10,MIN,192
2012,10,NYJ,84
2012,10,SEA,177
2012,10,DAL,102
2012,10,PHI,91
2012,10,SF,197
2012,10,STL,159
2012,10,CHI,115
2012,10,HOU,129
2012,10,KC,142
2012,10,PIT,95
2012,11,BUF,121
2012,11,MIA,60
2012,11,PHI,84
2012,11,WAS,169
2012,11,DET,110
2012,11,GB,95
2012,11,ARI,137
2012,11,ATL,61
2012,11,CAR,99
2012,11,TB,167
2012,11,CLE,119
2012,11,DAL,63
2012,11,NYJ,126
2012,11,STL,114
2012,11,IND,119
2012,11,NE,115
2012,11,HOU,147
2012,11,JAC,86
2012,11,CIN,189
2012,11,KC,114
2012,11,NO,153
2012,11,OAK,120
2012,11,DEN,112
2012,11,SD,53
2012,11,BAL,48
2012,11,PIT,134
2012,11,CHI,85
2012,11,SF,122
2012,12,DET,106
2012,12,HOU,287
2012,12,DAL,36
2012,12,WAS,143
2012,12,NE,155
2012,12,NYJ,119
2012,12,CIN,225
2012,12,OAK,99
2012,12,CLE,111
2012,12,PIT,49
2012,12,BUF,135
2012,12,IND,90
2012,12,JAC,101
2012,12,TEN,110
2012,12,DEN,95
2012,12,KC,149
2012,12,CHI,115
2012,12,MIN,114
2012,12,ATL,79
2012,12,TB,50
2012,12,MIA,190
2012,12,SEA,96
2012,12,BAL,131
2012,12,SD,91
2012,12,NO,61
2012,12,SF,144
2012,12,ARI,74
2012,12,STL,174
2012,12,GB,116
2012,12,NYG,148
2012,12,CAR,111
2012,12,PHI,204
2012,13,ATL,127
2012,13,NO,102
2012,13,CHI,132
2012,13,SEA,177
2012,13,GB,152
2012,13,MIN,239
2012,13,SF,150
2012,13,STL,85
2012,13,ARI,81
2012,13,NYJ,177
2012,13,CAR,165
2012,13,KC,158
2012,13,DET,138
2012,13,IND,87
2012,13,BUF,233
2012,13,JAC,53
2012,13,MIA,106
2012,13,NE,110
2012,13,HOU,128
2012,13,TEN,89
2012,13,DEN,96
2012,13,TB,71
2012,13,BAL,112
2012,13,PIT,96
2012,13,CLE,123
2012,13,OAK,85
2012,13,CIN,130
2012,13,SD,46
2012,13,DAL,125
2012,13,PHI,183
2012,13,NYG,117
2012,13,WAS,208
2012,14,DEN,143
2012,14,OAK,70
2012,14,BAL,187
2012,14,WAS,189
2012,14,CLE,156
2012,14,KC,180
2012,14,PIT,69
2012,14,SD,96
2012,14,IND,100
2012,14,TEN,97
2012,14,JAC,123
2012,14,NYJ,167
2012,14,CHI,118
2012,14,MIN,174
2012,14,ATL,35
2012,14,CAR,197
2012,14,PHI,29
2012,14,TB,136
2012,14,BUF,62
2012,14,STL,75
2012,14,CIN,151
2012,14,DAL,49
2012,14,MIA,94
2012,14,SF,159
2012,14,NO,143
2012,14,NYG,138
2012,14,ARI,42
2012,14,SEA,286
2012,14,DET,136
2012,14,GB,141
2012,14,HOU,100
2012,14,NE,136
2012,15,CIN,161
2012,15,PHI,67
2012,15,CHI,83
2012,15,GB,113
2012,15,ATL,133
2012,15,NYG,97
2012,15,NO,146
2012,15,TB,41
2012,15,MIN,215
2012,15,STL,87
2012,15,CLE,59
2012,15,WAS,123
2012,15,JAC,78
2012,15,MIA,182
2012,15,BAL,72
2012,15,DEN,167
2012,15,HOU,178
2012,15,IND,124
2012,15,ARI,99
2012,15,DET,84
2012,15,CAR,155
2012,15,SD,65
2012,15,BUF,118
2012,15,SEA,270
2012,15,DAL,91
2012,15,PIT,70
2012,15,KC,10
2012,15,OAK,203
2012,15,NE,95
2012,15,SF,190
2012,15,NYJ,149
2012,15,TEN,168
2012,16,ATL,73
2012,16,DET,79
2012,16,GB,120
2012,16,TEN,79
2012,16,CAR,175
2012,16,OAK,47
2012,16,BUF,154
2012,16,MIA,183
2012,16,CIN,14
2012,16,PIT,105
2012,16,JAC,93
2012,16,NE,103
2012,16,IND,90
2012,16,KC,355
2012,16,DAL,42
2012,16,NO,117
2012,16,PHI,90
2012,16,WAS,129
2012,16,STL,90
2012,16,TB,80
2012,16,BAL,228
2012,16,NYG,67
2012,16,HOU,36
2012,16,MIN,178
2012,16,CLE,92
2012,16,DEN,119
2012,16,ARI,29
2012,16,CHI,154
2012,16,SEA,180
2012,16,SF,82
2012,16,NYJ,69
2012,16,SD,91
2012,17,BUF,113
2012,17,NYJ,134
2012,17,MIA,47
2012,17,NE,167
2012,17,BAL,206
2012,17,CIN,49
2012,17,CLE,138
2012,17,PIT,93
2012,17,HOU,103
2012,17,IND,84
2012,17,JAC,122
2012,17,TEN,76
2012,17,NYG,188
2012,17,PHI,110
2012,17,DAL,100
2012,17,WAS,274
2012,17,CHI,146
2012,17,DET,72
2012,17,GB,72
2012,17,MIN,217
2012,17,ATL,71
2012,17,TB,144
2012,17,CAR,267
2012,17,NO,63
2012,17,DEN,178
2012,17,KC,94
2012,17,OAK,115
2012,17,SD,73
2012,17,ARI,55
2012,17,SF,131
2012,17,SEA,156
2012,17,STL,79
2013,1,BAL,58
2013,1,DEN,67
2013,1,BUF,136
2013,1,NE,175
2013,1,CAR,124
2013,1,SEA,73
2013,1,CHI,83
2013,1,CIN,64
2013,1,CLE,47
2013,1,MIA,21
2013,1,DET,122
2013,1,MIN,106
2013,1,IND,128
2013,1,OAK,171
2013,1,JAC,71
2013,1,KC,122
2013,1,NYJ,93
2013,1,TB,66
2013,1,ATL,88
2013,1,NO,80
2013,1,PIT,33
2013,1,TEN,116
2013,1,ARI,86
2013,1,STL,67
2013,1,GB,63
2013,1,SF,90
2013,1,DAL,88
2013,1,NYG,49
2013,1,PHI,270
2013,1,WAS,74
2013,1,HOU,120
2013,1,SD,80
2013,2,NE,56
2013,2,NYJ,129
2013,2,ATL,36
2013,2,STL,70
2013,2,BAL,102
2013,2,CLE,65
2013,2,BUF,176
2013,2,CAR,125
2013,2,CHI,130
2013,2,MIN,124
2013,2,GB,142
2013,2,WAS,109
2013,2,HOU,172
2013,2,TEN,120
2013,2,IND,133
2013,2,MIA,106
2013,2,DAL,41
2013,2,KC,114
2013,2,PHI,89
2013,2,SD,127
2013,2,ARI,89
2013,2,DET,49
2013,2,NO,75
2013,2,TB,160
2013,2,DEN,112
2013,2,NYG,23
2013,2,JAC,34
2013,2,OAK,227
2013,2,SEA,175
2013,2,SF,100
2013,2,CIN,127
2013,2,PIT,44
2013,3,KC,148
2013,3,PHI,264
2013,3,BAL,75
2013,3,HOU,94
2013,3,CIN,82
2013,3,GB,182
2013,3,DAL,191
2013,3,STL,35
2013,3,ATL,146
2013,3,MIA,91
2013,3,CLE,103
2013,3,MIN,134
2013,3,BUF,120
2013,3,NYJ,182
2013,3,NE,146
2013,3,TB,97
2013,3,ARI,86
2013,3,NO,109
2013,3,SD,102
2013,3,TEN,167
2013,3,DET,63
2013,3,WAS,120
2013,3,CAR,195
2013,3,NYG,60
2013,3,IND,180
2013,3,SF,116
2013,3,JAC,51
2013,3,SEA,159
2013,3,CHI,109
2013,3,PIT,79
2013,3,DEN,164
2013,3,OAK,49
2013,4,SF,220
2013,4,STL,22
2013,4,BAL,24
2013,4,BUF,231
2013,4,CIN,66
2013,4,CLE,90
2013,4,CHI,131
2013,4,DET,163
2013,4,HOU,150
2013,4,SEA,180
2013,4,IND,154
2013,4,JAC,40
2013,4,KC,105
2013,4,NYG,100
2013,4,MIN,147
2013,4,PIT,77
2013,4,ARI,58
2013,4,TB,81
2013,4,NYJ,106
2013,4,TEN,80
2013,4,DEN,142
2013,4,PHI,167
2013,4,OAK,104
2013,4,WAS,122
2013,4,DAL,92
2013,4,SD,112
2013,4,ATL,58
2013,4,NE,136
2013,4,MIA,116
2013,4,NO,71
2013,5,BUF,155
2013,5,CLE,93
2013,5,CHI,94
2013,5,NO,66
2013,5,CIN,167
2013,5,NE,82
2013,5,DET,65
2013,5,GB,183
2013,5,IND,111
2013,5,SEA,218
2013,5,BAL,134
2013,5,MIA,22
2013,5,NYG,54
2013,5,PHI,142
2013,5,JAC,96
2013,5,STL,146
2013,5,KC,121
2013,5,TEN,106
2013,5,ARI,93
2013,5,CAR,95
2013,5,DAL,52
2013,5,DEN,108
2013,5,OAK,106
2013,5,SD,39
2013,5,HOU,131
2013,5,SF,180
2013,5,ATL,64
2013,5,NYJ,118
2013,6,CHI,110
2013,6,NYG,123
2013,6,BAL,47
2013,6,GB,142
2013,6,BUF,131
2013,6,CIN,167
2013,6,CLE,126
2013,6,DET,119
2013,6,HOU,155
2013,6,STL,99
2013,6,KC,111
2013,6,OAK,125
2013,6,CAR,133
2013,6,MIN,75
2013,6,NYJ,83
2013,6,PIT,73
2013,6,PHI,142
2013,6,TB,94
2013,6,DEN,114
2013,6,JAC,71
2013,6,SEA,151
2013,6,TEN,66
2013,6,NE,141
2013,6,NO,131
2013,6,ARI,109
2013,6,SF,150
2013,6,DAL,48
2013,6,WAS,219
2013,6,IND,74
2013,6,SD,148
2013,7,ARI,30
2013,7,SEA,137
2013,7,ATL,30
2013,7,TB,111
2013,7,CAR,107
2013,7,STL,63
2013,7,CIN,59
2013,7,DET,77
2013,7,CLE,83
2013,7,GB,105
2013,7,JAC,78
2013,7,SD,161
2013,7,HOU,73
2013,7,KC,129
2013,7,BUF,91
2013,7,MIA,120
2013,7,NE,90
2013,7,NYJ,178
2013,7,DAL,76
2013,7,PHI,84
2013,7,CHI,146
2013,7,WAS,209
2013,7,SF,155
2013,7,TEN,71
2013,7,BAL,82
2013,7,PIT,142
2013,7,DEN,65
2013,7,IND,122
2013,7,MIN,30
2013,7,NYG,64
2013,8,CAR,134
2013,8,TB,48
2013,8,DAL,63
2013,8,DET,143
2013,8,JAC,90
2013,8,SF,227
2013,8,CLE,65
2013,8,KC,135
2013,8,MIA,156
2013,8,NE,155
2013,8,BUF,88
2013,8,NO,80
2013,8,NYG,91
2013,8,PHI,48
2013,8,OAK,198
2013,8,PIT,34
2013,8,CIN,79
2013,8,NYJ,93
2013,8,ARI,208
2013,8,ATL,27
2013,8,DEN,110
2013,8,WAS,112
2013,8,GB,185
2013,8,MIN,111
2013,8,SEA,44
2013,8,STL,200
2013,9,CIN,165
2013,9,MIA,157
2013,9,BUF,231
2013,9,KC,96
2013,9,ATL,79
2013,9,CAR,131
2013,9,DAL,36
2013,9,MIN,169
2013,9,NO,42
2013,9,NYJ,199
2013,9,STL,164
2013,9,TEN,199
2013,9,SD,69
2013,9,WAS,210
2013,9,OAK,217
2013,9,PHI,112
2013,9,SEA,201
2013,9,TB,207
2013,9,BAL,55
2013,9,CLE,76
2013,9,NE,198
2013,9,PIT,109
2013,9,HOU,143
2013,9,IND,69
2013,9,CHI,171
2013,9,GB,199
2013,10,MIN,94
2013,10,WAS,191
2013,10,ATL,65
2013,10,SEA,227
2013,10,BAL,87
2013,10,CIN,121
2013,10,CHI,38
2013,10,DET,146
2013,10,GB,99
2013,10,PHI,207
2013,10,IND,19
2013,10,STL,140
2013,10,NYG,136
2013,10,OAK,121
2013,10,BUF,95
2013,10,PIT,136
2013,10,JAC,57
2013,10,TEN,83
2013,10,CAR,112
2013,10,SF,111
2013,10,ARI,99
2013,10,HOU,76
2013,10,DEN,85
2013,10,SD,132
2013,10,DAL,89
2013,10,NO,238
2013,10,MIA,2
2013,10,TB,152
2013,11,IND,139
2013,11,TEN,122
2013,11,BUF,71
2013,11,NYJ,134
2013,11,BAL,174
2013,11,CHI,109
2013,11,CIN,107
2013,11,CLE,102
2013,11,HOU,90
2013,11,OAK,168
2013,11,ARI,17
2013,11,JAC,32
2013,11,MIA,104
2013,11,SD,153
2013,11,PHI,128
2013,11,WAS,193
2013,11,DET,107
2013,11,PIT,44
2013,11,ATL,152
2013,11,TB,186
2013,11,DEN,115
2013,11,KC,144
2013,11,NO,93
2013,11,SF,81
2013,11,MIN,134
2013,11,SEA,101
2013,11,GB,55
2013,11,NYG,78
2013,11,CAR,103
2013,11,NE,108
2013,12,ATL,91
2013,12,NO,106
2013,12,BAL,67
2013,12,NYJ,102
2013,12,CLE,56
2013,12,PIT,88
2013,12,DET,104
2013,12,TB,39
2013,12,GB,197
2013,12,MIN,232
2013,12,HOU,77
2013,12,JAC,120
2013,12,KC,115
2013,12,SD,104
2013,12,CAR,137
2013,12,MIA,52
2013,12,CHI,108
2013,12,STL,261
2013,12,ARI,120
2013,12,IND,80
2013,12,OAK,93
2013,12,TEN,114
2013,12,DAL,108
2013,12,NYG,202
2013,12,DEN,280
2013,12,NE,117
2013,12,SF,80
2013,12,WAS,102
2013,13,DET,243
2013,13,GB,24
2013,13,DAL,145
2013,13,OAK,51
2013,13,BAL,76
2013,13,PIT,85
2013,13,CAR,163
2013,13,TB,67
2013,13,CLE,97
2013,13,JAC,112
2013,13,IND,106
2013,13,TEN,162
2013,13,DEN,135
2013,13,KC,159
2013,13,CHI,135
2013,13,MIN,246
2013,13,MIA,127
2013,13,NYJ,99
2013,13,ARI,91
2013,13,PHI,126
2013,13,ATL,151
2013,13,BUF,194
2013,13,SF,87
2013,13,STL,114
2013,13,HOU,122
2013,13,NE,88
2013,13,CIN,166
2013,13,SD,91
2013,13,NYG,82
2013,13,WAS,139
2013,13,NO,45
2013,13,SEA,128
2013,14,HOU,83
2013,14,JAC,149
2013,14,BAL,97
2013,14,MIN,114
2013,14,CIN,157
2013,14,IND,63
2013,14,CLE,106
2013,14,NE,88
2013,14,NYJ,142
2013,14,OAK,149
2013,14,CAR,128
2013,14,NO,70
2013,14,DET,83
2013,14,PHI,301
2013,14,MIA,114
2013,14,PIT,73
2013,14,BUF,78
2013,14,TB,165
2013,14,KC,196
2013,14,WAS,65
2013,14,DEN,155
2013,14,TEN,96
2013,14,ARI,108
2013,14,STL,100
2013,14,NYG,92
2013,14,SD,146
2013,14,SEA,86
2013,14,SF,164
2013,14,ATL,83
2013,14,GB,113
2013,14,CHI,150
2013,14,DAL,199
2013,15,DEN,18
2013,15,SD,179
2013,15,ATL,55
2013,15,WAS,111
2013,15,CHI,180
2013,15,CLE,93
2013,15,HOU,108
2013,15,IND,154
2013,15,BUF,200
2013,15,JAC,159
2013,15,MIA,90
2013,15,NE,96
2013,15,MIN,85
2013,15,PHI,79
2013,15,NYG,25
2013,15,SEA,134
2013,15,NO,61
2013,15,STL,146
2013,15,SF,190
2013,15,TB,39
2013,15,ARI,146
2013,15,TEN,66
2013,15,CAR,134
2013,15,NYJ,157
2013,15,KC,79
2013,15,OAK,130
2013,15,DAL,134
2013,15,GB,153
2013,15,CIN,57
2013,15,PIT,113
2013,15,BAL,90
2013,15,DET,119
2013,16,BUF,206
2013,16,MIA,14
2013,16,CAR,82
2013,16,NO,126
2013,16,CIN,83
2013,16,MIN,115
2013,16,DEN,114
2013,16,HOU,87
2013,16,JAC,63
2013,16,TEN,184
2013,16,IND,138
2013,16,KC,155
2013,16,CLE,115
2013,16,NYJ,209
2013,16,CHI,60
2013,16,PHI,291
2013,16,STL,130
2013,16,TB,61
2013,16,DAL,96
2013,16,WAS,100
2013,16,DET,149
2013,16,NYG,41
2013,16,ARI,143
2013,16,SEA,103
2013,16,GB,151
2013,16,PIT,151
2013,16,OAK,59
2013,16,SD,151
2013,16,BAL,122
2013,16,NE,142
2013,16,ATL,61
2013,16,SF,199
2013,17,ATL,77
2013,17,CAR,134
2013,17,CHI,121
2013,17,GB,160
2013,17,BAL,47
2013,17,CIN,112
2013,17,DAL,59
2013,17,PHI,142
2013,17,IND,83
2013,17,JAC,42
2013,17,MIA,93
2013,17,NYJ,157
2013,17,DET,63
2013,17,MIN,176
2013,17,BUF,169
2013,17,NE,274
2013,17,NO,100
2013,17,TB,72
2013,17,NYG,126
2013,17,WAS,89
2013,17,CLE,79
2013,17,PIT,123
2013,17,HOU,65
2013,17,TEN,143
2013,17,ARI,84
2013,17,SF,83
2013,17,DEN,125
2013,17,OAK,55
2013,17,KC,143
2013,17,SD,187
2013,17,SEA,114
2013,17,STL,14
2014,1,GB,80
2014,1,SEA,210
2014,1,ATL,123
2014,1,NO,139
2014,1,BAL,91
2014,1,CIN,81
2014,1,BUF,197
2014,1,CHI,86
2014,1,HOU,117
2014,1,WAS,130
2014,1,KC,67
2014,1,TEN,165
2014,1,MIA,193
2014,1,NE,89
2014,1,NYJ,214
2014,1,OAK,37
2014,1,JAC,64
2014,1,PHI,145
2014,1,CLE,183
2014,1,PIT,127
2014,1,MIN,191
2014,1,STL,73
2014,1,DAL,127
2014,1,SF,126
2014,1,CAR,116
2014,1,TB,102
2014,1,DEN,105
2014,1,IND,52
2014,1,DET,80
2014,1,NYG,53
2014,1,ARI,113
2014,1,SD,52
2014,2,BAL,159
2014,2,PIT,108
2014,2,BUF,115
2014,2,MIA,80
2014,2,CAR,63
2014,2,DET,70
2014,2,ATL,97
2014,2,CIN,171
2014,2,CLE,122
2014,2,NO,174
2014,2,MIN,55
2014,2,NE,150
2014,2,ARI,126
2014,2,NYG,81
2014,2,DAL,220
2014,2,TEN,82
2014,2,JAC,25
2014,2,WAS,192
2014,2,SD,107
2014,2,SEA,108
2014,2,STL,119
2014,2,TB,157
2014,2,DEN,89
2014,2,KC,133
2014,2,GB,82
2014,2,NYJ,110
2014,2,HOU,190
2014,2,OAK,101
2014,2,CHI,48
2014,2,SF,164
2014,2,IND,171
2014,2,PHI,127
2014,3,ATL,145
2014,3,TB,70
2014,3,BUF,87
2014,3,SD,85
2014,3,CIN,117
2014,3,TEN,150
2014,3,BAL,161
2014,3,CLE,88
2014,3,DET,118
2014,3,GB,76
2014,3,IND,145
2014,3,JAC,105
2014,3,NE,83
2014,3,OAK,69
2014,3,MIN,69
2014,3,NO,110
2014,3,HOU,120
2014,3,NYG,190
2014,3,PHI,58
2014,3,WAS,86
2014,3,DAL,128
2014,3,STL,122
2014,3,ARI,90
2014,3,SF,89
2014,3,KC,174
2014,3,MIA,141
2014,3,DEN,37
2014,3,SEA,130
2014,3,CAR,42
2014,3,PIT,266
2014,3,CHI,63
2014,3,NYJ,115
2014,4,NYG,155
2014,4,WAS,86
2014,4,BAL,127
2014,4,CAR,69
2014,4,CHI,236
2014,4,GB,56
2014,4,BUF,96
2014,4,HOU,41
2014,4,IND,108
2014,4,TEN,88
2014,4,ATL,124
2014,4,MIN,242
2014,4,DET,91
2014,4,NYJ,132
2014,4,MIA,159
2014,4,OAK,103
2014,4,PIT,85
2014,4,TB,63
2014,4,JAC,85
2014,4,SD,42
2014,4,PHI,22
2014,4,SF,220
2014,4,DAL,193
2014,4,NO,104
2014,4,KC,224
2014,4,NE,75
2014,5,GB,157
2014,5,MIN,111
2014,5,CAR,78
2014,5,CHI,88
2014,5,DAL,144
2014,5,HOU,177
2014,5,BUF,49
2014,5,DET,70
2014,5,BAL,90
2014,5,IND,119
2014,5,JAC,56
2014,5,PIT,113
2014,5,NO,141
2014,5,TB,66
2014,5,ATL,90
2014,5,NYG,127
2014,5,PHI,146
2014,5,STL,130
2014,5,CLE,175
2014,5,TEN,151
2014,5,ARI,37
2014,5,DEN,94
2014,5,NYJ,91
2014,5,SD,163
2014,5,KC,90
2014,5,SF,167
2014,5,CIN,79
2014,5,NE,224
2014,5,SEA,226
2014,5,WAS,36
2014,6,HOU,152
2014,6,IND,140
2014,6,ATL,51
2014,6,CHI,113
2014,6,BUF,71
2014,6,NE,61
2014,6,CAR,147
2014,6,CIN,193
2014,6,CLE,157
2014,6,PIT,138
2014,6,GB,122
2014,6,MIA,112
2014,6,DET,100
2014,6,MIN,70
2014,6,DEN,138
2014,6,NYJ,31
2014,6,BAL,172
2014,6,TB,87
2014,6,JAC,82
2014,6,TEN,71
2014,6,OAK,114
2014,6,SD,119
2014,6,ARI,74
2014,6,WAS,72
2014,6,DAL,163
2014,6,SEA,80
2014,6,NYG,85
2014,6,PHI,203
2014,6,SF,89
2014,6,STL,94
2014,7,NE,63
2014,7,NYJ,218
2014,7,ATL,68
2014,7,BAL,123
2014,7,BUF,119
2014,7,MIN,158
2014,7,CHI,52
2014,7,MIA,141
2014,7,DET,60
2014,7,NO,74
2014,7,CAR,108
2014,7,GB,125
2014,7,CIN,32
2014,7,IND,171
2014,7,CLE,70
2014,7,JAC,186
2014,7,SEA,180
2014,7,STL,104
2014,7,TEN,76
2014,7,WAS,101
2014,7,KC,156
2014,7,SD,69
2014,7,DAL,157
2014,7,NYG,104
2014,7,ARI,123
2014,7,OAK,57
2014,7,DEN,118
2014,7,SF,62
2014,7,HOU,134
2014,7,PIT,78
2014,8,DEN,169
2014,8,SD,61
2014,8,ATL,78
2014,8,DET,60
2014,8,CAR,121
2014,8,SEA,120
2014,8,BAL,108
2014,8,CIN,112
2014,8,JAC,176
2014,8,MIA,149
2014,8,KC,149
2014,8,STL,84
2014,8,CHI,153
2014,8,NE,123
2014,8,BUF,68
2014,8,NYJ,190
2014,8,MIN,97
2014,8,TB,66
2014,8,HOU,214
2014,8,TEN,37
2014,8,ARI,74
2014,8,PHI,110
2014,8,CLE,40
2014,8,OAK,71
2014,8,IND,64
2014,8,PIT,117
2014,8,GB,89
2014,8,NO,193
2014,8,DAL,166
2014,8,WAS,124
2014,9,CAR,109
2014,9,NO,107
2014,9,CIN,195
2014,9,JAC,144
2014,9,CLE,50
2014,9,TB,113
2014,9,ARI,104
2014,9,DAL,92
2014,9,HOU,122
2014,9,PHI,192
2014,9,KC,113
2014,9,NYJ,139
2014,9,MIA,132
2014,9,SD,50
2014,9,MIN,100
2014,9,WAS,123
2014,9,SF,80
2014,9,STL,92
2014,9,DEN,44
2014,9,NE,66
2014,9,OAK,37
2014,9,SEA,152
2014,9,BAL,63
2014,9,PIT,55
2014,9,IND,111
2014,9,NYG,90
2014,10,CIN,82
2014,10,CLE,171
2014,10,BAL,153
2014,10,TEN,67
2014,10,BUF,111
2014,10,KC,127
2014,10,DET,64
2014,10,MIA,50
2014,10,DAL,150
2014,10,JAC,71
2014,10,NO,136
2014,10,SF,145
2014,10,NYJ,153
2014,10,PIT,36
2014,10,ATL,111
2014,10,TB,92
2014,10,DEN,120
2014,10,OAK,30
2014,10,ARI,27
2014,10,STL,72
2014,10,NYG,54
2014,10,SEA,363
2014,10,CHI,56
2014,10,GB,132
2014,10,CAR,104
2014,10,PHI,38
2014,11,BUF,55
2014,11,MIA,126
2014,11,ATL,86
2014,11,CAR,106
2014,11,CHI,139
2014,11,MIN,97
2014,11,CLE,61
2014,11,HOU,218
2014,11,GB,113
2014,11,PHI,158
2014,11,KC,190
2014,11,SEA,204
2014,11,CIN,189
2014,11,NO,75
2014,11,NYG,65
2014,11,SF,158
2014,11,DEN,29
2014,11,STL,131
2014,11,TB,48
2014,11,WAS,155
2014,11,OAK,71
2014,11,SD,120
2014,11,ARI,50
2014,11,DET,98
2014,11,IND,21
2014,11,NE,248
2014,11,PIT,208
2014,11,TEN,49
2014,12,KC,102
2014,12,OAK,180
2014,12,ATL,72
2014,12,CLE,162
2014,12,BUF,116
2014,12,NYJ,92
2014,12,CHI,92
2014,12,TB,66
2014,12,CIN,144
2014,12,HOU,64
2014,12,IND,177
2014,12,JAC,82
2014,12,GB,173
2014,12,MIN,117
2014,12,DET,92
2014,12,NE,90
2014,12,PHI,113
2014,12,TEN,60
2014,12,SD,129
2014,12,STL,114
2014,12,ARI,64
2014,12,SEA,126
2014,12,DEN,203
2014,12,MIA,98
2014,12,SF,68
2014,12,WAS,136
2014,12,DAL,121
2014,12,NYG,89
2014,12,BAL,216
2014,12,NO,135
2014,13,CHI,14
2014,13,DET,91
2014,13,DAL,94
2014,13,PHI,257
2014,13,SEA,157
2014,13,SF,64
2014,13,BAL,125
2014,13,SD,64
2014,13,BUF,106
2014,13,CLE,74
2014,13,HOU,101
2014,13,TEN,83
2014,13,IND,127
2014,13,WAS,87
2014,13,JAC,119
2014,13,NYG,116
2014,13,CAR,179
2014,13,MIN,90
2014,13,NO,143
2014,13,PIT,103
2014,13,OAK,61
2014,13,STL,173
2014,13,CIN,113
2014,13,TB,75
2014,13,ARI,35
2014,13,ATL,144
2014,13,GB,134
2014,13,NE,85
2014,13,DEN,215
2014,13,KC,41
2014,13,MIA,75
2014,13,NYJ,277
2014,14,CHI,36
2014,14,DAL,196
2014,14,CIN,87
2014,14,PIT,194
2014,14,CLE,112
2014,14,IND,93
2014,14,DET,115
2014,14,TB,35
2014,14,HOU,176
2014,14,JAC,68
2014,14,BAL,188
2014,14,MIA,64
2014,14,MIN,114
2014,14,NYJ,170
2014,14,CAR,263
2014,14,NO,92
2014,14,NYG,145
2014,14,TEN,62
2014,14,STL,132
2014,14,WAS,27
2014,14,ARI,142
2014,14,KC,127
2014,14,BUF,74
2014,14,DEN,135
2014,14,OAK,85
2014,14,SF,97
2014,14,PHI,57
2014,14,SEA,199
2014,14,NE,89
2014,14,SD,54
2014,14,ATL,91
2014,14,GB,183
2014,15,ARI,144
2014,15,STL,71
2014,15,ATL,97
2014,15,PIT,47
2014,15,BAL,95
2014,15,JAC,80
2014,15,BUF,116
2014,15,GB,158
2014,15,CAR,125
2014,15,TB,151
2014,15,CIN,247
2014,15,CLE,53
2014,15,DET,80
2014,15,MIN,76
2014,15,HOU,138
2014,15,IND,113
2014,15,KC,94
2014,15,OAK,78
2014,15,MIA,76
2014,15,NE,109
2014,15,NYG,49
2014,15,WAS,145
2014,15,DEN,116
2014,15,SD,56
2014,15,NYJ,114
2014,15,TEN,90
2014,15,SEA,154
2014,15,SF,140
2014,15,DAL,116
2014,15,PHI,75
2014,15,CHI,125
2014,15,NO,84
2014,16,JAC,177
2014,16,TEN,96
2014,16,PHI,134
2014,16,WAS,101
2014,16,SD,98
2014,16,SF,358
2014,16,CAR,211
2014,16,CLE,84
2014,16,CHI,64
2014,16,DET,140
2014,16,BAL,33
2014,16,HOU,123
2014,16,MIA,120
2014,16,MIN,119
2014,16,ATL,66
2014,16,NO,58
2014,16,NE,90
2014,16,NYJ,116
2014,16,KC,39
2014,16,PIT,72
2014,16,GB,124
2014,16,TB,16
2014,16,NYG,131
2014,16,STL,106
2014,16,DAL,128
2014,16,IND,1
2014,16,BUF,12
2014,16,OAK,142
2014,16,ARI,29
2014,16,SEA,267
2014,16,CIN,209
2014,16,DEN,85
2014,17,ATL,63
2014,17,CAR,194
2014,17,BAL,134
2014,17,CLE,111
2014,17,DET,111
2014,17,GB,152
2014,17,HOU,115
2014,17,JAC,121
2014,17,KC,111
2014,17,SD,112
2014,17,MIA,179
2014,17,NYJ,104
2014,17,CHI,99
2014,17,MIN,127
2014,17,BUF,107
2014,17,NE,116
2014,17,NYG,76
2014,17,PHI,167
2014,17,CIN,116
2014,17,PIT,86
2014,17,NO,72
2014,17,TB,183
2014,17,IND,67
2014,17,TEN,143
2014,17,DAL,250
2014,17,WAS,113
2014,17,DEN,147
2014,17,OAK,67
2014,17,ARI,98
2014,17,SF,209
2014,17,SEA,136
2014,17,STL,42
2015,1,NE,82
2015,1,PIT,134
2015,1,CHI,189
2015,1,GB,134
2015,1,SEA,125
2015,1,STL,78
2015,1,CAR,107
2015,1,JAC,96
2015,1,MIA,75
2015,1,WAS,162
2015,1,BUF,161
2015,1,IND,65
2015,1,CLE,104
2015,1,NYJ,155
2015,1,HOU,98
2015,1,KC,100
2015,1,ARI,121
2015,1,NO,54
2015,1,DET,70
2015,1,SD,97
2015,1,BAL,73
2015,1,DEN,70
2015,1,CIN,129
2015,1,OAK,64
2015,1,TB,93
2015,1,TEN,129
2015,1,DAL,81
2015,1,NYG,101
2015,1,ATL,108
2015,1,PHI,63
2015,1,MIN,71
2015,1,SF,232
2015,2,DEN,61
2015,2,KC,144
2015,2,CAR,173
2015,2,HOU,61
2015,2,BUF,160
2015,2,NE,60
2015,2,CIN,191
2015,2,SD,131
2015,2,CLE,119
2015,2,TEN,166
2015,2,ATL,57
2015,2,NYG,97
2015,2,STL,67
2015,2,WAS,182
2015,2,ARI,117
2015,2,CHI,120
2015,2,DET,38
2015,2,MIN,198
2015,2,NO,105
2015,2,TB,139
2015,2,PIT,88
2015,2,SF,112
2015,2,BAL,109
2015,2,OAK,98
2015,2,JAC,125
2015,2,MIA,65
2015,2,DAL,111
2015,2,PHI,7
2015,2,GB,128
2015,2,SEA,119
2015,2,IND,112
2015,2,NYJ,101
2015,3,NYG,84
2015,3,WAS,88
2015,3,ATL,159
2015,3,DAL,127
2015,3,CAR,123
2015,3,NO,70
2015,3,NYJ,47
2015,3,PHI,128
2015,3,HOU,187
2015,3,TB,57
2015,3,MIN,164
2015,3,SD,90
2015,3,PIT,64
2015,3,STL,71
2015,3,JAC,57
2015,3,NE,127
2015,3,BAL,33
2015,3,CIN,88
2015,3,CLE,39
2015,3,OAK,156
2015,3,IND,136
2015,3,TEN,88
2015,3,ARI,142
2015,3,SF,103
2015,3,CHI,98
2015,3,SEA,161
2015,3,BUF,153
2015,3,MIA,103
2015,3,DEN,42
2015,3,DET,29
2015,3,GB,123
2015,3,KC,75
2015,4,BAL,191
2015,4,PIT,168
2015,4,MIA,59
2015,4,NYJ,209
2015,4,CHI,98
2015,4,OAK,70
2015,4,ATL,136
2015,4,HOU,57
2015,4,CIN,124
2015,4,KC,113
2015,4,IND,63
2015,4,JAC,138
2015,4,PHI,87
2015,4,WAS,128
2015,4,CAR,136
2015,4,TB,139
2015,4,BUF,55
2015,4,NYG,94
2015,4,CLE,100
2015,4,SD,92
2015,4,GB,162
2015,4,SF,93
2015,4,ARI,114
2015,4,STL,165
2015,4,DEN,146
2015,4,MIN,113
2015,4,DAL,115
2015,4,NO,104
2015,4,DET,53
2015,4,SEA,114
2015,5,HOU,82
2015,5,IND,113
2015,5,NO,97
2015,5,PHI,186
2015,5,CHI,88
2015,5,KC,117
2015,5,CIN,108
2015,5,SEA,200
2015,5,ATL,176
2015,5,WAS,51
2015,5,JAC,63
2015,5,TB,185
2015,5,BAL,181
2015,5,CLE,83
2015,5,BUF,130
2015,5,TEN,97
2015,5,GB,88
2015,5,STL,191
2015,5,ARI,191
2015,5,DET,57
2015,5,DAL,101
2015,5,NE,111
2015,5,DEN,43
2015,5,OAK,66
2015,5,NYG,89
2015,5,SF,118
2015,5,PIT,155
2015,5,SD,52
2015,6,ATL,150
2015,6,NO,82
2015,6,CHI,91
2015,6,DET,162
2015,6,NYJ,223
2015,6,WAS,34
2015,6,ARI,56
2015,6,PIT,142
2015,6,KC,57
2015,6,MIN,89
2015,6,BUF,112
2015,6,CIN,114
2015,6,CLE,110
2015,6,DEN,152
2015,6,MIA,180
2015,6,TEN,63
2015,6,HOU,96
2015,6,JAC,83
2015,6,CAR,136
2015,6,SEA,126
2015,6,GB,136
2015,6,SD,60
2015,6,BAL,77
2015,6,SF,65
2015,6,IND,136
2015,6,NE,118
2015,6,NYG,81
2015,6,PHI,158
2015,7,SEA,188
2015,7,SF,62
2015,7,BUF,116
2015,7,JAC,124
2015,7,CLE,82
2015,7,STL,160
2015,7,HOU,71
2015,7,MIA,250
2015,7,NE,14
2015,7,NYJ,89
2015,7,KC,140
2015,7,PIT,149
2015,7,TB,191
2015,7,WAS,51
2015,7,DET,77
2015,7,MIN,141
2015,7,IND,75
2015,7,NO,187
2015,7,ATL,175
2015,7,TEN,77
2015,7,OAK,137
2015,7,SD,90
2015,7,DAL,233
2015,7,NYG,136
2015,7,CAR,205
2015,7,PHI,177
2015,7,ARI,151
2015,7,BAL,55
2015,8,MIA,15
2015,8,NE,95
2015,8,DET,81
2015,8,KC,175
2015,8,BAL,73
2015,8,SD,81
2015,8,CIN,80
2015,8,PIT,116
2015,8,HOU,57
2015,8,TEN,86
2015,8,CHI,97
2015,8,MIN,147
2015,8,ATL,110
2015,8,TB,118
2015,8,NO,103
2015,8,NYG,87
2015,8,SF,39
2015,8,STL,200
2015,8,ARI,120
2015,8,CLE,39
2015,8,NYJ,74
2015,8,OAK,120
2015,8,DAL,130
2015,8,SEA,114
2015,8,DEN,160
2015,8,GB,90
2015,8,CAR,139
2015,8,IND,136
2015,9,CIN,155
2015,9,CLE,70
2015,9,MIN,146
2015,9,STL,160
2015,9,CAR,131
2015,9,GB,71
2015,9,NE,163
2015,9,WAS,37
2015,9,NO,61
2015,9,TEN,112
2015,9,BUF,270
2015,9,MIA,106
2015,9,JAC,104
2015,9,NYJ,33
2015,9,OAK,140
2015,9,PIT,201
2015,9,NYG,115
2015,9,TB,136
2015,9,ATL,17
2015,9,SF,137
2015,9,DEN,35
2015,9,IND,121
2015,9,DAL,134
2015,9,PHI,173
2015,9,CHI,111
2015,9,SD,77
2015,10,BUF,149
2015,10,NYJ,128
2015,10,NO,158
2015,10,WAS,213
2015,10,DET,45
2015,10,GB,48
2015,10,DAL,42
2015,10,TB,82
2015,10,CAR,121
2015,10,TEN,64
2015,10,CHI,157
2015,10,STL,95
2015,10,MIA,101
2015,10,PHI,49
2015,10,BAL,89
2015,10,JAC,94
2015,10,CLE,15
2015,10,PIT,62
2015,10,MIN,263
2015,10,OAK,84
2015,10,NE,78
2015,10,NYG,80
2015,10,DEN,69
2015,10,KC,108
2015,10,ARI,119
2015,10,SEA,117
2015,10,CIN,73
2015,10,HOU,84
2015,11,JAC,94
2015,11,TEN,104
2015,11,CHI,86
2015,11,DEN,171
2015,11,DET,111
2015,11,OAK,61
2015,11,ATL,101
2015,11,IND,75
2015,11,HOU,128
2015,11,NYJ,71
2015,11,PHI,137
2015,11,TB,292
2015,11,GB,126
2015,11,MIN,94
2015,11,CAR,146
2015,11,WAS,33
2015,11,DAL,167
2015,11,MIA,70
2015,11,BAL,118
2015,11,STL,78
2015,11,ARI,83
2015,11,CIN,106
2015,11,SEA,259
2015,11,SF,59
2015,11,KC,153
2015,11,SD,53
2015,11,BUF,95
2015,11,NE,85
2015,12,DET,108
2015,12,PHI,69
2015,12,CAR,130
2015,12,DAL,31
2015,12,CHI,102
2015,12,GB,177
2015,12,NYG,33
2015,12,WAS,105
2015,12,ATL,117
2015,12,MIN,195
2015,12,CIN,141
2015,12,STL,94
2015,12,HOU,170
2015,12,NO,50
2015,12,IND,30
2015,12,TB,132
2015,12,MIA,12
2015,12,NYJ,145
2015,12,JAC,97
2015,12,SD,84
2015,12,OAK,85
2015,12,TEN,44
2015,12,BUF,118
2015,12,KC,159
2015,12,ARI,72
2015,12,SF,67
2015,12,PIT,59
2015,12,SEA,101
2015,12,DEN,179
2015,12,NE,39
2015,12,BAL,104
2015,12,CLE,64
2015,13,DET,101
2015,13,GB,68
2015,13,NYG,74
2015,13,NYJ,91
2015,13,BUF,187
2015,13,HOU,127
2015,13,BAL,94
2015,13,MIA,137
2015,13,CIN,144
2015,13,CLE,68
2015,13,JAC,85
2015,13,TEN,211
2015,13,CHI,170
2015,13,SF,121
2015,13,MIN,31
2015,13,SEA,220
2015,13,CAR,177
2015,13,NO,70
2015,13,ATL,64
2015,13,TB,176
2015,13,ARI,178
2015,13,STL,68
2015,13,KC,91
2015,13,OAK,100
2015,13,DEN,135
2015,13,SD,93
2015,13,NE,104
2015,13,PHI,129
2015,13,IND,55
2015,13,PIT,159
2015,13,DAL,103
2015,13,WAS,73
2015,14,ARI,101
2015,14,MIN,74
2015,14,BUF,166
2015,14,PHI,118
2015,14,NYJ,183
2015,14,TEN,24
2015,14,CIN,65
2015,14,PIT,85
2015,14,HOU,88
2015,14,NE,119
2015,14,IND,95
2015,14,JAC,154
2015,14,KC,154
2015,14,SD,44
2015,14,CHI,87
2015,14,WAS,100
2015,14,ATL,55
2015,14,CAR,144
2015,14,NO,89
2015,14,TB,115
2015,14,DET,112
2015,14,STL,204
2015,14,CLE,243
2015,14,SF,71
2015,14,DEN,34
2015,14,OAK,31
2015,14,DAL,171
2015,14,GB,234
2015,14,BAL,34
2015,14,SEA,128
2015,14,MIA,130
2015,14,NYG,103
2015,15,STL,101
2015,15,TB,146
2015,15,DAL,133
2015,15,NYJ,74
2015,15,CAR,171
2015,15,NYG,161
2015,15,ARI,232
2015,15,PHI,74
2015,15,CHI,94
2015,15,MIN,129
2015,15,ATL,89
2015,15,JAC,84
2015,15,HOU,159
2015,15,IND,50
2015,15,NE,93
2015,15,TEN,59
2015,15,BAL,86
2015,15,KC,115
2015,15,BUF,240
2015,15,WAS,125
2015,15,CLE,94
2015,15,SEA,183
2015,15,GB,104
2015,15,OAK,120
2015,15,DEN,105
2015,15,PIT,26
2015,15,MIA,44
2015,15,SD,141
2015,15,CIN,70
2015,15,SF,55
2015,15,DET,155
2015,15,NO,69
2015,16,OAK,106
2015,16,SD,72
2015,16,PHI,62
2015,16,WAS,71
2015,16,JAC,66
2015,16,NO,138
2015,16,IND,101
2015,16,MIA,82
2015,16,NE,64
2015,16,NYJ,143
2015,16,HOU,131
2015,16,TEN,30
2015,16,CLE,231
2015,16,KC,136
2015,16,DET,90
2015,16,SF,121
2015,16,MIN,222
2015,16,NYG,91
2015,16,ATL,91
2015,16,CAR,154
2015,16,CHI,174
2015,16,TB,105
2015,16,BUF,244
2015,16,DAL,130
2015,16,ARI,123
2015,16,GB,104
2015,16,SEA,64
2015,16,STL,106
2015,16,BAL,121
2015,16,PIT,110
2015,16,CIN,109
2015,16,DEN,113
2016,17,BUF,114
2016,17,NYJ,122
2016,17,MIA,98
2016,17,NE,71
2016,17,BAL,59
2016,17,CIN,147
2016,17,CLE,86
2016,17,PIT,32
2016,17,HOU,160
2016,17,JAC,32
2016,17,IND,131
2016,17,TEN,159
2016,17,KC,190
2016,17,OAK,48
2016,17,DAL,98
2016,17,WAS,149
2016,17,NYG,208
2016,17,PHI,123
2016,17,CHI,108
2016,17,DET,71
2016,17,GB,81
2016,17,MIN,151
2016,17,ATL,89
2016,17,NO,69
2016,17,CAR,112
2016,17,TB,77
2016,17,DEN,214
2016,17,SD,107
2016,17,ARI,27
2016,17,SEA,147
2016,17,SF,110
2016,17,STL,127
2016,1,CAR,157
2016,1,DEN,150
2016,1,ATL,53
2016,1,TB,94
2016,1,BAL,86
2016,1,BUF,65
2016,1,CHI,73
2016,1,HOU,132
2016,1,GB,96
2016,1,JAC,49
2016,1,KC,83
2016,1,SD,156
2016,1,NO,88
2016,1,OAK,167
2016,1,CIN,57
2016,1,NYJ,152
2016,1,CLE,120
2016,1,PHI,133
2016,1,MIN,66
2016,1,TEN,88
2016,1,MIA,64
2016,1,SEA,114
2016,1,DAL,101
2016,1,NYG,116
2016,1,DET,117
2016,1,IND,82
2016,1,ARI,92
2016,1,NE,112
2016,1,PIT,149
2016,1,WAS,55
2016,1,LA,66
2016,1,SF,151
2016,2,BUF,86
2016,2,NYJ,124
2016,2,CAR,176
2016,2,SF,67
2016,2,BAL,80
2016,2,CLE,145
2016,2,DET,137
2016,2,TEN,147
2016,2,HOU,100
2016,2,KC,124
2016,2,MIA,70
2016,2,NE,162
2016,2,NO,41
2016,2,NYG,67
2016,2,CIN,46
2016,2,PIT,124
2016,2,DAL,104
2016,2,WAS,82
2016,2,ARI,101
2016,2,TB,86
2016,2,LA,66
2016,2,SEA,67
2016,2,DEN,134
2016,2,IND,84
2016,2,ATL,139
2016,2,OAK,155
2016,2,JAC,69
2016,2,SD,151
2016,2,GB,83
2016,2,MIN,33
2016,2,CHI,65
2016,2,PHI,106
2016,3,HOU,109
2016,3,NE,187
2016,3,ARI,140
2016,3,BUF,211
2016,3,CAR,105
2016,3,MIN,60
2016,3,CIN,144
2016,3,DEN,53
2016,3,DET,50
2016,3,GB,126
2016,3,BAL,85
2016,3,JAC,48
2016,3,CLE,170
2016,3,MIA,115
2016,3,NYG,120
2016,3,WAS,92
2016,3,OAK,124
2016,3,TEN,181
2016,3,SEA,133
2016,3,SF,135
2016,3,LA,137
2016,3,TB,84
2016,3,PHI,125
2016,3,PIT,29
2016,3,IND,96
2016,3,SD,37
2016,3,KC,76
2016,3,NYJ,108
2016,3,CHI,72
2016,3,DAL,200
2016,3,ATL,219
2016,3,NO,119
2016,4,CIN,85
2016,4,MIA,62
2016,4,IND,94
2016,4,JAC,136
2016,4,ATL,98
2016,4,CAR,49
2016,4,BAL,136
2016,4,OAK,63
2016,4,CHI,128
2016,4,DET,64
2016,4,HOU,115
2016,4,TEN,124
2016,4,BUF,134
2016,4,NE,85
2016,4,NYJ,58
2016,4,SEA,69
2016,4,CLE,163
2016,4,WAS,145
2016,4,DEN,93
2016,4,TB,85
2016,4,ARI,126
2016,4,LA,42
2016,4,NO,88
2016,4,SD,38
2016,4,DAL,194
2016,4,SF,107
2016,4,KC,87
2016,4,PIT,150
2016,4,MIN,106
2016,4,NYG,78
2016,5,ARI,174
2016,5,SF,151
2016,5,BAL,118
2016,5,WAS,62
2016,5,CLE,27
2016,5,NE,101
2016,5,DET,82
2016,5,PHI,125
2016,5,CHI,128
2016,5,IND,100
2016,5,MIA,51
2016,5,TEN,238
2016,5,HOU,59
2016,5,MIN,98
2016,5,NYJ,72
2016,5,PIT,63
2016,5,ATL,123
2016,5,DEN,84
2016,5,CIN,96
2016,5,DAL,184
2016,5,BUF,191
2016,5,LA,100
2016,5,OAK,89
2016,5,SD,72
2016,5,GB,150
2016,5,NYG,43
2016,5,CAR,136
2016,5,TB,106
2016,6,DEN,84
2016,6,SD,99
2016,6,BUF,317
2016,6,SF,134
2016,6,CHI,88
2016,6,JAC,55
2016,6,DET,85
2016,6,LA,76
2016,6,MIA,223
2016,6,PIT,129
2016,6,CIN,120
2016,6,NE,80
2016,6,CAR,104
2016,6,NO,61
2016,6,BAL,98
2016,6,NYG,38
2016,6,CLE,40
2016,6,TEN,138
2016,6,PHI,95
2016,6,WAS,231
2016,6,KC,185
2016,6,OAK,65
2016,6,DAL,191
2016,6,GB,78
2016,6,ATL,52
2016,6,SEA,76
2016,6,HOU,168
2016,6,IND,161
2016,6,ARI,177
2016,6,NYJ,33
2016,7,CHI,70
2016,7,GB,104
2016,7,LA,74
2016,7,NYG,38
2016,7,CIN,271
2016,7,CLE,180
2016,7,DET,94
2016,7,WAS,134
2016,7,JAC,105
2016,7,OAK,146
2016,7,KC,114
2016,7,NO,104
2016,7,BUF,67
2016,7,MIA,257
2016,7,BAL,6
2016,7,NYJ,156
2016,7,MIN,94
2016,7,PHI,106
2016,7,IND,83
2016,7,TEN,124
2016,7,ATL,130
2016,7,SD,80
2016,7,SF,160
2016,7,TB,250
2016,7,NE,141
2016,7,PIT,94
2016,7,ARI,147
2016,7,SEA,52
2016,7,DEN,191
2016,7,HOU,140
2016,8,JAC,48
2016,8,TEN,221
2016,8,CIN,152
2016,8,WAS,101
2016,8,ATL,91
2016,8,GB,108
2016,8,BUF,157
2016,8,NE,73
2016,8,CLE,68
2016,8,NYJ,181
2016,8,DET,58
2016,8,HOU,108
2016,8,IND,106
2016,8,KC,106
2016,8,NO,123
2016,8,SEA,74
2016,8,OAK,128
2016,8,TB,102
2016,8,DEN,65
2016,8,SD,123
2016,8,ARI,24
2016,8,CAR,142
2016,8,DAL,156
2016,8,PHI,99
2016,8,CHI,158
2016,8,MIN,57
2016,9,ATL,138
2016,9,TB,72
2016,9,DEN,33
2016,9,OAK,221
2016,9,BAL,61
2016,9,PIT,42
2016,9,CLE,45
2016,9,DAL,171
2016,9,JAC,205
2016,9,KC,65
2016,9,MIA,138
2016,9,NYJ,132
2016,9,DET,97
2016,9,MIN,78
2016,9,NYG,58
2016,9,PHI,96
2016,9,CAR,60
2016,9,LA,59
2016,9,NO,250
2016,9,SF,93
2016,9,GB,117
2016,9,IND,88
2016,9,SD,211
2016,9,TEN,80
2016,9,BUF,162
2016,9,SEA,34
2016,10,BAL,119
2016,10,CLE,33
2016,10,CAR,100
2016,10,KC,91
2016,10,HOU,212
2016,10,JAC,82
2016,10,DEN,105
2016,10,NO,80
2016,10,LA,174
2016,10,NYJ,139
2016,10,ATL,48
2016,10,PHI,218
2016,10,CHI,122
2016,10,TB,80
2016,10,GB,69
2016,10,TEN,163
2016,10,MIN,47
2016,10,WAS,129
2016,10,MIA,107
2016,10,SD,70
2016,10,ARI,80
2016,10,SF,83
2016,10,DAL,127
2016,10,PIT,47
2016,10,NE,81
2016,10,SEA,96
2016,10,CIN,89
2016,10,NYG,124
2016,11,CAR,51
2016,11,NO,110
2016,11,BUF,183
2016,11,CIN,94
2016,11,CLE,33
2016,11,PIT,146
2016,11,BAL,101
2016,11,DAL,118
2016,11,DET,22
2016,11,JAC,85
2016,11,IND,80
2016,11,TEN,110
2016,11,KC,83
2016,11,TB,114
2016,11,ARI,135
2016,11,MIN,72
2016,11,CHI,93
2016,11,NYG,105
2016,11,LA,110
2016,11,MIA,98
2016,11,NE,172
2016,11,SF,122
2016,11,PHI,113
2016,11,SEA,156
2016,11,GB,88
2016,11,WAS,153
2016,11,HOU,125
2016,11,OAK,32
2016,12,DET,96
2016,12,MIN,82
2016,12,DAL,167
2016,12,WAS,55
2016,12,IND,91
2016,12,PIT,148
2016,12,ARI,58
2016,12,ATL,135
2016,12,BAL,92
2016,12,CIN,64
2016,12,BUF,162
2016,12,JAC,184
2016,12,CHI,95
2016,12,TEN,150
2016,12,CLE,58
2016,12,NYG,100
2016,12,HOU,114
2016,12,SD,67
2016,12,MIA,95
2016,12,SF,193
2016,12,LA,69
2016,12,NO,209
2016,12,SEA,127
2016,12,TB,122
2016,12,DEN,125
2016,12,KC,84
2016,12,CAR,129
2016,12,OAK,64
2016,12,NE,95
2016,12,NYJ,65
2016,12,GB,77
2016,12,PHI,81
2016,13,DAL,182
2016,13,MIN,84
2016,13,ATL,128
2016,13,KC,126
2016,13,BAL,113
2016,13,MIA,62
2016,13,CHI,144
2016,13,SF,162
2016,13,CIN,81
2016,13,PHI,54
2016,13,GB,109
2016,13,HOU,123
2016,13,DEN,104
2016,13,JAC,153
2016,13,LA,37
2016,13,NE,136
2016,13,DET,85
2016,13,NO,50
2016,13,BUF,212
2016,13,OAK,139
2016,13,ARI,90
2016,13,WAS,88
2016,13,NYG,57
2016,13,PIT,119
2016,13,SD,119
2016,13,TB,85
2016,13,CAR,90
2016,13,SEA,240
2016,13,IND,142
2016,13,NYJ,37
2016,14,KC,68
2016,14,OAK,139
2016,14,BUF,67
2016,14,PIT,242
2016,14,CAR,126
2016,14,SD,58
2016,14,CIN,213
2016,14,CLE,177
2016,14,CHI,92
2016,14,DET,115
2016,14,HOU,187
2016,14,IND,84
2016,14,JAC,90
2016,14,MIN,87
2016,14,ARI,175
2016,14,MIA,103
2016,14,PHI,89
2016,14,WAS,109
2016,14,NO,46
2016,14,TB,106
2016,14,DEN,50
2016,14,TEN,175
2016,14,NYJ,188
2016,14,SF,248
2016,14,GB,96
2016,14,SEA,136
2016,14,ATL,66
2016,14,LA,104
2016,14,DAL,108
2016,14,NYG,95
2016,14,BAL,42
2016,14,NE,96
2016,15,LA,48
2016,15,SEA,75
2016,15,MIA,67
2016,15,NYJ,117
2016,15,BAL,159
2016,15,PHI,170
2016,15,BUF,280
2016,15,CLE,107
2016,15,CHI,95
2016,15,GB,226
2016,15,DAL,187
2016,15,TB,52
2016,15,HOU,84
2016,15,JAC,67
2016,15,KC,159
2016,15,TEN,150
2016,15,IND,161
2016,15,MIN,34
2016,15,DET,56
2016,15,NYG,114
2016,15,ARI,116
2016,15,NO,132
2016,15,ATL,257
2016,15,SF,107
2016,15,DEN,58
2016,15,NE,137
2016,15,OAK,153
2016,15,SD,73
2016,15,CIN,76
2016,15,PIT,102
2016,15,CAR,149
2016,15,WAS,30
2016,16,NYG,114
2016,16,PHI,119
2016,16,BUF,273
2016,16,MIA,262
2016,16,ATL,152
2016,16,CAR,120
2016,16,CHI,141
2016,16,WAS,209
2016,16,CLE,124
2016,16,SD,34
2016,16,GB,40
2016,16,MIN,93
2016,16,JAC,85
2016,16,TEN,59
2016,16,NE,116
2016,16,NYJ,113
2016,16,NO,126
2016,16,TB,89
2016,16,IND,104
2016,16,OAK,213
2016,16,LA,100
2016,16,SF,75
2016,16,ARI,93
2016,16,SEA,78
2016,16,CIN,50
2016,16,HOU,95
2016,16,BAL,118
2016,16,PIT,128
2016,16,DEN,63
2016,16,KC,239
2016,16,DAL,164
2016,16,DET,90
2017,17,ATL,143
2017,17,NO,132
2017,17,BAL,72
2017,17,CIN,155
2017,17,DET,76
2017,17,GB,157
2017,17,IND,94
2017,17,JAC,189
2017,17,MIA,75
2017,17,NE,120
2017,17,CHI,189
2017,17,MIN,127
2017,17,BUF,72
2017,17,NYJ,127
2017,17,DAL,70
2017,17,PHI,116
2017,17,CLE,231
2017,17,PIT,69
2017,17,CAR,128
2017,17,TB,113
2017,17,HOU,47
2017,17,TEN,104
2017,17,NYG,161
2017,17,WAS,38
2017,17,DEN,148
2017,17,OAK,50
2017,17,ARI,84
2017,17,LA,52
2017,17,KC,103
2017,17,SD,129
2017,17,SEA,90
2017,17,SF,70
2017,1,KC,191
2017,1,NE,124
2017,1,BUF,193
2017,1,NYJ,39
2017,1,ATL,66
2017,1,CHI,125
2017,1,BAL,158
2017,1,CIN,78
2017,1,CLE,59
2017,1,PIT,43
2017,1,ARI,45
2017,1,DET,102
2017,1,HOU,93
2017,1,JAC,157
2017,1,OAK,110
2017,1,TEN,95
2017,1,PHI,59
2017,1,WAS,64
2017,1,IND,83
2017,1,LA,76
2017,1,GB,87
2017,1,SEA,90
2017,1,CAR,124
2017,1,SF,51
2017,1,DAL,129
2017,1,NYG,36
2017,1,MIN,132
2017,1,NO,60
2017,1,DEN,141
2017,1,LAC,64
2017,2,CIN,82
2017,2,HOU,168
2017,2,BAL,145
2017,2,CLE,93
2017,2,BUF,69
2017,2,CAR,78
2017,2,ARI,102
2017,2,IND,76
2017,2,JAC,99
2017,2,TEN,181
2017,2,KC,112
2017,2,PHI,107
2017,2,NE,119
2017,2,NO,81
2017,2,MIN,92
2017,2,PIT,104
2017,2,CHI,20
2017,2,TB,119
2017,2,LAC,44
2017,2,MIA,112
2017,2,NYJ,127
2017,2,OAK,180
2017,2,DAL,40
2017,2,DEN,178
2017,2,LA,90
2017,2,WAS,227
2017,2,SEA,137
2017,2,SF,159
2017,2,ATL,141
2017,2,GB,60
2017,2,DET,138
2017,2,NYG,62
2017,3,LA,128
2017,3,SF,113
2017,3,BAL,135
2017,3,JAC,199
2017,3,BUF,82
2017,3,DEN,111
2017,3,CAR,132
2017,3,NO,149
2017,3,CHI,223
2017,3,PIT,70
2017,3,ATL,164
2017,3,DET,71
2017,3,CLE,111
2017,3,IND,93
2017,3,MIN,133
2017,3,TB,26
2017,3,HOU,130
2017,3,NE,59
2017,3,MIA,30
2017,3,NYJ,88
2017,3,NYG,49
2017,3,PHI,194
2017,3,SEA,72
2017,3,TEN,205
2017,3,CIN,111
2017,3,GB,64
2017,3,KC,189
2017,3,LAC,104
2017,3,OAK,33
2017,3,WAS,114
2017,3,ARI,53
2017,3,DAL,100
2017,4,CHI,103
2017,4,GB,88
2017,4,MIA,70
2017,4,NO,86
2017,4,ATL,149
2017,4,BUF,144
2017,4,BAL,85
2017,4,PIT,174
2017,4,CIN,91
2017,4,CLE,42
2017,4,DAL,190
2017,4,LA,169
2017,4,HOU,173
2017,4,TEN,87
2017,4,DET,99
2017,4,MIN,87
2017,4,CAR,140
2017,4,NE,80
2017,4,JAC,176
2017,4,NYJ,256
2017,4,ARI,54
2017,4,SF,100
2017,4,LAC,58
2017,4,PHI,216
2017,4,NYG,91
2017,4,TB,114
2017,4,DEN,146
2017,4,OAK,24
2017,4,IND,98
2017,4,SEA,193
2017,4,KC,173
2017,4,WAS,112
2017,5,NE,113
2017,5,TB,95
2017,5,BUF,82
2017,5,CIN,69
2017,5,CLE,140
2017,5,NYJ,37
2017,5,CAR,34
2017,5,DET,50
2017,5,IND,163
2017,5,SF,67
2017,5,MIA,101
2017,5,TEN,69
2017,5,LAC,127
2017,5,NYG,152
2017,5,ARI,31
2017,5,PHI,124
2017,5,JAC,231
2017,5,PIT,70
2017,5,LA,101
2017,5,SEA,63
2017,5,BAL,147
2017,5,OAK,108
2017,5,DAL,162
2017,5,GB,160
2017,5,HOU,144
2017,5,KC,127
2017,5,CHI,154
2017,5,MIN,172
2017,6,CAR,80
2017,6,PHI,103
2017,6,ATL,104
2017,6,MIA,139
2017,6,BAL,123
2017,6,CHI,234
2017,6,CLE,134
2017,6,HOU,124
2017,6,GB,69
2017,6,MIN,113
2017,6,DET,66
2017,6,NO,203
2017,6,NE,119
2017,6,NYJ,75
2017,6,SF,85
2017,6,WAS,97
2017,6,ARI,168
2017,6,TB,68
2017,6,JAC,169
2017,6,LA,144
2017,6,KC,28
2017,6,PIT,220
2017,6,LAC,84
2017,6,OAK,109
2017,6,DEN,47
2017,6,NYG,148
2017,6,IND,85
2017,6,TEN,169
2017,7,KC,94
2017,7,OAK,88
2017,7,BUF,173
2017,7,TB,69
2017,7,CAR,183
2017,7,CHI,74
2017,7,CLE,67
2017,7,TEN,80
2017,7,GB,181
2017,7,NO,164
2017,7,IND,96
2017,7,JAC,189
2017,7,ARI,25
2017,7,LA,197
2017,7,MIA,53
2017,7,NYJ,93
2017,7,BAL,64
2017,7,MIN,169
2017,7,CIN,72
2017,7,PIT,156
2017,7,DAL,267
2017,7,SF,100
2017,7,DEN,69
2017,7,LAC,80
2017,7,NYG,46
2017,7,SEA,105
2017,7,ATL,120
2017,7,NE,165
2017,7,PHI,128
2017,7,WAS,76
2017,8,BAL,173
2017,8,MIA,45
2017,8,CLE,115
2017,8,MIN,88
2017,8,BUF,169
2017,8,OAK,53
2017,8,CIN,60
2017,8,IND,115
2017,8,LAC,157
2017,8,NE,95
2017,8,CHI,157
2017,8,NO,105
2017,8,ATL,140
2017,8,NYJ,43
2017,8,PHI,114
2017,8,SF,94
2017,8,CAR,102
2017,8,TB,85
2017,8,HOU,142
2017,8,SEA,35
2017,8,DAL,169
2017,8,WAS,49
2017,8,DET,71
2017,8,PIT,77
2017,8,DEN,191
2017,8,KC,80
2017,9,BUF,63
2017,9,NYJ,197
2017,9,ATL,54
2017,9,CAR,202
2017,9,HOU,94
2017,9,IND,93
2017,9,CIN,31
2017,9,JAC,150
2017,9,NO,155
2017,9,TB,85
2017,9,LA,163
2017,9,NYG,112
2017,9,DEN,35
2017,9,PHI,198
2017,9,BAL,72
2017,9,TEN,72
2017,9,ARI,170
2017,9,SF,64
2017,9,SEA,150
2017,9,WAS,51
2017,9,DAL,131
2017,9,KC,68
2017,9,MIA,86
2017,9,OAK,92
2017,9,DET,65
2017,9,GB,78
2017,10,ARI,38
2017,10,SEA,83
2017,10,BUF,69
2017,10,NO,301
2017,10,CHI,55
2017,10,GB,161
2017,10,CLE,203
2017,10,DET,106
2017,10,IND,72
2017,10,PIT,88
2017,10,JAC,135
2017,10,LAC,88
2017,10,NYJ,56
2017,10,TB,91
2017,10,CIN,54
2017,10,TEN,180
2017,10,MIN,104
2017,10,WAS,81
2017,10,HOU,94
2017,10,LA,107
2017,10,ATL,156
2017,10,DAL,107
2017,10,NYG,114
2017,10,SF,189
2017,10,DEN,119
2017,10,NE,99
2017,10,CAR,296
2017,10,MIA,101
2017,11,PIT,69
2017,11,TEN,56
2017,11,CHI,249
2017,11,DET,66
2017,11,CLE,51
2017,11,JAC,137
2017,11,BAL,59
2017,11,GB,77
2017,11,ARI,48
2017,11,HOU,135
2017,11,LA,46
2017,11,MIN,172
2017,11,NO,168
2017,11,WAS,156
2017,11,KC,135
2017,11,NYG,122
2017,11,BUF,173
2017,11,LAC,149
2017,11,CIN,51
2017,11,DEN,112
2017,11,NE,89
2017,11,OAK,109
2017,11,DAL,113
2017,11,PHI,218
2017,11,MIA,83
2017,11,TB,53
2017,11,ATL,92
2017,11,SEA,136
2017,12,DET,53
2017,12,MIN,141
2017,12,DAL,79
2017,12,LAC,86
2017,12,NYG,85
2017,12,WAS,126
2017,12,ATL,156
2017,12,TB,94
2017,12,CIN,154
2017,12,CLE,169
2017,12,IND,89
2017,12,TEN,94
2017,12,BUF,106
2017,12,KC,45
2017,12,MIA,71
2017,12,NE,214
2017,12,CAR,145
2017,12,NYJ,109
2017,12,CHI,14
2017,12,PHI,179
2017,12,LA,109
2017,12,NO,123
2017,12,SEA,91
2017,12,SF,87
2017,12,ARI,108
2017,12,JAC,91
2017,12,DEN,59
2017,12,OAK,107
2017,12,GB,80
2017,12,PIT,121
2017,12,BAL,141
2017,12,HOU,66
2017,13,DAL,182
2017,13,WAS,56
2017,13,ATL,124
2017,13,MIN,106
2017,13,BAL,102
2017,13,DET,78
2017,13,BUF,183
2017,13,NE,199
2017,13,CHI,53
2017,13,SF,111
2017,13,GB,200
2017,13,TB,163
2017,13,IND,140
2017,13,JAC,96
2017,13,DEN,103
2017,13,MIA,145
2017,13,CAR,112
2017,13,NO,152
2017,13,KC,112
2017,13,NYJ,160
2017,13,HOU,54
2017,13,TEN,198
2017,13,CLE,92
2017,13,LAC,96
2017,13,ARI,113
2017,13,LA,90
2017,13,NYG,65
2017,13,OAK,120
2017,13,PHI,105
2017,13,SEA,85
2017,13,CIN,130
2017,13,PIT,92
2017,14,ATL,134
2017,14,NO,50
2017,14,BUF,228
2017,14,IND,164
2017,14,CAR,221
2017,14,MIN,100
2017,14,CHI,231
2017,14,CIN,70
2017,14,CLE,137
2017,14,GB,86
2017,14,HOU,90
2017,14,SF,106
2017,14,JAC,161
2017,14,SEA,141
2017,14,KC,166
2017,14,OAK,70
2017,14,DET,59
2017,14,TB,133
2017,14,ARI,138
2017,14,TEN,111
2017,14,DEN,85
2017,14,NYJ,60
2017,14,LAC,174
2017,14,WAS,65
2017,14,LA,111
2017,14,PHI,130
2017,14,DAL,125
2017,14,NYG,102
2017,14,BAL,152
2017,14,PIT,59
2017,14,MIA,122
2017,14,NE,25
2017,15,DEN,217
2017,15,IND,71
2017,15,CHI,51
2017,15,DET,92
2017,15,KC,174
2017,15,LAC,98
2017,15,BUF,118
2017,15,MIA,105
2017,15,CAR,156
2017,15,GB,120
2017,15,BAL,99
2017,15,CLE,130
2017,15,HOU,87
2017,15,JAC,140
2017,15,CIN,46
2017,15,MIN,132
2017,15,NO,132
2017,15,NYJ,124
2017,15,NYG,75
2017,15,PHI,109
2017,15,ARI,141
2017,15,WAS,32
2017,15,LA,247
2017,15,SEA,77
2017,15,NE,79
2017,15,PIT,143
2017,15,SF,51
2017,15,TEN,97
2017,15,DAL,127
2017,15,OAK,122
2017,15,ATL,203
2017,15,TB,84
2017,16,BAL,106
2017,16,IND,93
2017,16,GB,113
2017,16,MIN,116
2017,16,CAR,118
2017,16,TB,66
2017,16,CHI,97
2017,16,CLE,75
2017,16,CIN,144
2017,16,DET,87
2017,16,KC,105
2017,16,MIA,60
2017,16,BUF,84
2017,16,NE,193
2017,16,ATL,93
2017,16,NO,90
2017,16,LAC,89
2017,16,NYJ,198
2017,16,LA,121
2017,16,TEN,89
2017,16,DEN,159
2017,16,WAS,87
2017,16,JAC,92
2017,16,SF,132
2017,16,ARI,75
2017,16,NYG,43
2017,16,DAL,128
2017,16,SEA,80
2017,16,HOU,176
2017,16,PIT,106
2017,16,OAK,138
2017,16,PHI,78
2017,17,ATL,61
2017,17,CAR,91
2017,17,BAL,118
2017,17,CIN,149
2017,17,DET,52
2017,17,GB,103
2017,17,HOU,85
2017,17,IND,149
2017,17,BUF,127
2017,17,MIA,93
2017,17,CHI,30
2017,17,MIN,152
2017,17,NE,147
2017,17,NYJ,41
2017,17,NYG,264
2017,17,WAS,61
2017,17,DAL,129
2017,17,PHI,70
2017,17,CLE,102
2017,17,PIT,131
2017,17,NO,92
2017,17,TB,110
2017,17,JAC,82
2017,17,TEN,184
2017,17,DEN,110
2017,17,KC,150
2017,17,LAC,119
2017,17,OAK,106
2017,17,LA,102
2017,17,SF,172
2017,17,ARI,117
2017,17,SEA,99
